pathway	pval	padj	ES	NES	nMoreExtreme	size
chr1A1	0.0402414486921529	0.158352713684706	-0.47879802327435	-1.66671277044305	19	8
chr1A2	0.0184426229508197	0.107463745271122	-0.464177773912287	-1.89030788825585	8	11
chr1A3	0.609195402298851	0.75616044424612	-0.185543770103942	-0.876905343979683	317	15
chr1A4	0.586337760910816	0.735224870267154	0.317810184078413	0.89230539146804	308	5
chr1A5	0.378269617706237	0.578867142247424	-0.297784154312131	-1.03659712175383	187	8
chr1B	0.619417475728155	0.75616044424612	-0.0982856810363011	-0.870287443573343	318	55
chr1C1	0.0135396518375242	0.0891850979732571	-0.196433424572438	-1.87955985125588	6	66
chr1C2	0.341650671785029	0.536373852595149	-0.155476361603578	-1.07619819400947	177	32
chr1C3	0.357873210633947	0.558946303206628	0.173069133634313	1.07509901534883	174	27
chr1C4	0.0203665987780041	0.113589503280225	0.271031619290961	1.76517521646688	9	30
chr1C5	0.0831683168316832	0.221052631578947	-0.229249088030835	-1.47972140987199	41	29
chr1D	0.0831600831600832	0.221052631578947	0.173056344171712	1.48872286006462	39	53
chr1E2	0.198443579766537	0.395581609666189	-0.180313384662544	-1.21246818410554	101	31
chr1E3	0.252049180327869	0.462503786907786	-0.285990737318171	-1.16466271567496	122	11
chr1E4	0.618	0.75616044424612	0.0922470681942543	0.866837206192206	308	61
chr1F	0.388329979879276	0.580465142106189	-0.295432807269249	-1.02841199994126	192	8
chr1G1	0.0245901639344262	0.122886379235041	-0.458321555666688	-1.86645914717611	11	11
chr1G3	0.215264187866928	0.415446171488402	-0.182848930054296	-1.20446134379343	109	30
chr1H1	0.957894736842105	0.980505443540463	-0.203044067256355	-0.560285767303767	454	5
chr1H2	0.0744466800804829	0.206948110682443	-0.162235443587122	-1.49450274974019	36	62
chr1H3	0.281904761904762	0.47353128920781	-0.132382345884047	-1.13949384791449	147	51
chr1H4	0.0587084148727984	0.190137851460497	-0.23976897689769	-1.57940472513791	29	30
chr1H5	0.764356435643564	0.848351648351648	-0.118254525431895	-0.763290945228493	385	29
chr1H6	0.677227722772277	0.8015625	-0.109867790281072	-0.815727170648806	341	38
chr10A1	0.0415841584158416	0.159493670886076	-0.263005024433891	-1.69760398569781	20	29
chr10A2	0.504854368932039	0.676862273391185	-0.198207449353964	-0.949906778599895	259	16
chr10A3	0.0739299610894942	0.206948110682443	-0.233006774480509	-1.48468205969682	37	28
chr10A4	0.741935483870968	0.830258302583026	0.129494772128661	0.775754060203803	367	25
chr10B1	0.203629032258065	0.400646732299958	-0.222056988654499	-1.24670530034126	100	22
chr10B2	0.154150197628458	0.338835212023618	-0.220158286778399	-1.29811059345662	77	24
chr10B3	0.0412371134020619	0.159493670886076	-0.437961117753864	-1.6055101188165	19	9
chr10B4	0.126705653021442	0.295321637426901	-0.152094814814815	-1.33365829920151	64	54
chr10B5	0.53265306122449	0.695663265306122	0.171868517632041	0.923045256743928	260	20
chr10C1	0.00215982721382289	0.0246501789781972	0.233192709215056	3.75512680143651	0	179
chr10C2	0.191780821917808	0.38494391133937	-0.187953795379538	-1.23808808116455	97	30
chr10D1	0.00403225806451613	0.036996336996337	-0.391869541247135	-2.20009213434501	1	22
chr10D2	0.00198807157057654	0.0246501789781972	-0.338280964559737	-2.62058700866895	0	42
chr10D3	0.112970711297071	0.2738410041841	0.136467624490377	1.35772254813864	53	72
chr11A1	0.00207900207900208	0.0246501789781972	0.217861473942891	2.23890342023731	0	75
chr11A2	0.361963190184049	0.562435110901369	-0.328342574775985	-1.06412181774477	176	7
chr11A3	0.00590551181102362	0.0486486486486487	-0.260878569871376	-2.05640641383399	2	44
chr11A4	0.429435483870968	0.602705573156682	0.17048417132216	1.00603550102571	212	24
chr11B1	0.530075187969925	0.695663265306122	-0.0667374001061573	-0.922417178521761	281	141
chr11B2	0.00200803212851406	0.0246501789781972	0.333372416304705	2.6677819523322	0	45
chr11B3	0.487394957983193	0.662245167125146	0.0853573989959359	0.960615291899293	231	94
chr11B4	0.965163934426229	0.981083844580777	0.0847722451586414	0.538836298378282	470	28
chr11B5	0.310782241014799	0.497021233772768	0.0972567911146794	1.11987908202146	146	99
chr11C	0.0440613026819923	0.160850297742695	-0.155457243601126	-1.62650454148993	22	79
chr11D	0.0126849894291755	0.0873534499327311	0.118482404692082	1.76341198979402	5	154
chr11E1	0.825263157894737	0.896253537068478	0.0730524095254925	0.730901000419652	391	73
chr11E2	0.00210970464135021	0.0246501789781972	0.246542649371926	3.5643438107143	0	148
chr12A1	0.306201550387597	0.495413428462225	-0.118053252309917	-1.10785758356286	157	63
chr12A2	0.878787878787879	0.944229529335912	0.127348686834757	0.66681590600592	434	19
chr12A3	0.00191204588910134	0.0246501789781972	-0.456333957368542	-2.27773353097834	0	17
chr12B1	0.366598778004073	0.563854973275301	-0.34627032196366	-1.05371424310383	179	6
chr12B3	0.0265848670756646	0.126521116678597	-0.53201106695966	-1.72418878063465	12	7
chr12C1	0.00202429149797571	0.0246501789781972	-0.307947666471392	-2.20449867887775	0	36
chr12C2	0.391389432485323	0.580465142106189	-0.156217395933142	-1.02903426655912	199	30
chr12C3	0.690384615384615	0.807670032670033	-0.0944618091874531	-0.812217211636271	358	52
chr12D1	0.120240480961924	0.284848288381743	-0.178352245485057	-1.35189891246501	59	40
chr12D2	0.0689655172413793	0.2	0.245855437665782	1.50624128949032	33	26
chr12E	0.0737051792828685	0.206948110682443	-0.174103419856547	-1.45883864150694	36	49
chr12F1	0.0123456790123457	0.0869939707149009	0.206264065682847	1.93425947404523	5	63
chr12F2	0.643863179074447	0.780362173038229	-0.243802805675116	-0.84868614726031	319	8
chr13A1	0.115384615384615	0.277472527472527	-0.194857183433633	-1.39492014461876	56	36
chr13A2	0.474226804123711	0.650184260857396	-0.267623223063638	-0.981072920040433	229	9
chr13A3	0.364503816793893	0.563493145349743	-0.106422136765832	-1.0739381572242	190	72
chr13A4	0.504	0.676862273391185	-0.215134359301491	-0.947422485144832	251	13
chr13A5	0.584830339321357	0.735224870267154	0.123073700847928	0.899340850482118	292	37
chr13B1	0.0103092783505155	0.0743740795287187	0.230531030070378	1.92528090027188	4	50
chr13B2	0.696907216494845	0.809053205356085	-0.225942163765998	-0.828275423293336	337	9
chr13B3	0.00197628458498024	0.0246501789781972	-0.336576709416364	-2.97029006567751	0	56
chr13C1	0.464566929133858	0.639835361488905	-0.136434904659204	-0.970355788865795	235	35
chr13C3	0.00192307692307692	0.0246501789781972	-0.308879909791393	-2.18868361450439	0	34
chr13D1	0.0251450676982592	0.122886379235041	-0.178163764486634	-1.70474785239107	12	66
chr13D2	0.095427435387674	0.238962916714588	-0.182091858482523	-1.41062492045549	47	42
chr14A1	0.723014256619145	0.823583908855642	-0.177136021872864	-0.802124495369709	354	14
chr14A2	0.191752577319588	0.38494391133937	-0.336406713608786	-1.23322450519512	92	9
chr14A3	0.930769230769231	0.96504815464758	-0.0726560673369184	-0.624723461560456	483	52
chr14B	0.700575815738964	0.810207909041626	-0.0937358973546267	-0.817461652802637	364	53
chr14C1	0.280561122244489	0.47353128920781	0.14584855681403	1.13045245509565	139	42
chr14C2	0.16147859922179	0.349485825458588	-0.193589601584697	-1.30174048440383	82	31
chr14C3	0.792380952380952	0.87305974025974	-0.0860358219909575	-0.740561660274796	415	51
chr14D1	0.992063492063492	0.995348470514033	-0.0643323473765555	-0.511059550089781	499	45
chr14D2	0.235887096774194	0.44119623655914	0.203152434158021	1.19881253079236	116	24
chr14D3	0.0871287128712871	0.227586206896552	-0.194399589577972	-1.44334410272606	43	38
chr14E2	0.282868525896414	0.47353128920781	-0.197596916169639	-1.14024238625511	141	23
chr14E4	0.961089494163424	0.980505443540463	0.141549433584832	0.584116633846791	493	11
chr14E5	0.945833333333333	0.974787414965986	0.128500412047744	0.596873579764059	453	15
chr15A1	0.0861723446893788	0.227045395138102	-0.190465330690229	-1.45281919574383	42	41
chr15B1	0.742574257425743	0.830258302583026	0.223098995695839	0.787469777963539	374	8
chr15B2	0.957230142566191	0.980505443540463	-0.192540643927319	-0.58590877130929	469	6
chr15B3	0.047713717693837	0.170085370132148	-0.201288667640969	-1.55933830949881	23	42
chr15C	0.680244399185336	0.802000206043412	-0.268887472107109	-0.818235179800308	333	6
chr15D1	0.273453093812375	0.473464499572284	-0.159145723977553	-1.15722474065951	136	37
chr15D2	0.708757637474542	0.814474024295684	-0.261847837636808	-0.796813294535826	347	6
chr15D3	0.00204081632653061	0.0246501789781972	0.239968874445004	2.35818816907917	0	70
chr15E1	0.00211416490486258	0.0246501789781972	0.289369812131755	3.33199559496798	0	99
chr15E2	0.0601202404809619	0.190137851460497	0.268023845618994	1.48081742497585	29	21
chr15E3	0.906122448979592	0.950017654120472	0.0840172276303829	0.657353809538056	443	43
chr15F1	0.424430641821946	0.602705573156682	0.105421877558631	1.01197309401349	204	67
chr15F2	0.253384912959381	0.462503786907786	0.3075860236482	1.14742108523707	130	9
chr15F3	0.140316205533597	0.322089471793029	0.234824304326379	1.33556778249419	70	22
chr16A1	0.0326530612244898	0.143448928867322	0.169688844004109	1.66534115009763	15	69
chr16A2	0.889748549323017	0.946388661382345	0.18056773393561	0.673591155975815	459	9
chr16A3	0.00206185567010309	0.0246501789781972	0.259312220089571	2.16564713389403	0	50
chr16B1	0.395669291338583	0.580465142106189	0.144298876284817	1.04530003949853	200	36
chr16B2	0.0311284046692607	0.140774725593821	-0.26939964873064	-1.71657165870284	15	28
chr16B3	0.0219560878243513	0.116713940539973	-0.221356891204755	-1.79676534736147	10	47
chr16B4	0.0947775628626693	0.238962916714588	-0.276616677302702	-1.41158755964177	48	18
chr16B5	0.0134099616858238	0.0891850979732571	-0.408820480102081	-1.93214174493179	6	15
chr16C1	0.161228406909789	0.349485825458588	-0.184849664590321	-1.27951846276536	83	32
chr16C3	0.0234375	0.120365466101695	-0.223277004608038	-1.75072441536854	11	43
chr16C4	0.201596806387226	0.399240734217839	-0.170125386231482	-1.23706312077284	100	37
chr17A1	0.733466933867735	0.830258302583026	0.100950706369504	0.782455283424981	365	42
chr17A2	0.230460921843687	0.436435370741483	-0.282078881624409	-1.18683051615283	114	12
chr17A3	0.0022075055187638	0.0246501789781972	0.143668450761586	2.3346960982817	0	183
chr17B1	0.566990291262136	0.727126521951466	-0.0645632619261327	-0.893652027184528	291	145
chr17B3	0.663306451612903	0.796084413933384	-0.148615906914662	-0.834381480124513	328	22
chr17C	0.00205338809034908	0.0246501789781972	0.242353933769247	2.13512726851585	0	55
chr17D	0.094188376753507	0.238962916714588	0.187153665814152	1.45060277332416	46	42
chr17E1	0.933198380566802	0.96504815464758	-0.085632245122579	-0.613013806550789	460	36
chr17E2	0.395112016293279	0.580465142106189	-0.229915698336751	-1.04112653968432	193	14
chr17E3	0.0928853754940712	0.238510752327996	-0.240392688961609	-1.45060031606123	46	25
chr17E4	0.06640625	0.19921875	-0.223079771438529	-1.5473364181448	33	33
chr18A1	0.0688976377952756	0.2	-0.18943754087639	-1.49326398972218	34	44
chr18A2	0.422090729783037	0.602705573156682	-0.19690130791678	-1.0297528557908	213	19
chr18B1	0.484615384615385	0.661434511434511	-0.137403683518136	-0.973624962827124	251	34
chr18B2	0.5	0.676339285714286	-0.15130243379485	-0.964075012602133	256	28
chr18B3	0.001953125	0.0246501789781972	-0.350437916804513	-3.41114759492274	0	69
chr18C	0.0521042084168337	0.181466381037938	-0.386169138361771	-1.6247842276064	25	12
chr18D1	0.0781563126252505	0.213345610139197	-0.355897517673949	-1.49741814121661	38	12
chr18D3	0.548757170172084	0.710570181889494	-0.187614074105354	-0.93645204476444	286	17
chr18E1	0.890438247011952	0.946388661382345	-0.0795551468628391	-0.655601324566026	446	48
chr18E2	0.455268389662028	0.629891881587189	-0.178705360704882	-0.990985004611376	228	21
chr18E3	0.419354838709677	0.602201498241859	0.172180101090716	1.01604326621107	207	24
chr18E4	0.154320987654321	0.338835212023618	-0.340035076530612	-1.31519373992094	74	10
chr19A	0.00227790432801822	0.0246501789781972	0.194380149986112	3.36424801061466	0	210
chr19B	0.293522267206478	0.483354603062841	-0.157257992934619	-1.1257595864898	144	36
chr19C1	0.00397614314115308	0.036996336996337	-0.273923699914749	-2.12202566673348	1	42
chr19C2	0.710679611650485	0.814474024295684	-0.17040197798692	-0.816649396903044	365	16
chr19C3	0.00427350427350427	0.036996336996337	0.203643826598772	2.20293161751735	1	87
chr19D2	0.577603143418468	0.732275114877806	-0.145986835642008	-0.900736894198125	293	26
chr19D3	0.062	0.190137851460497	-0.350898284396411	-1.54530836317972	30	13
chr2A1	0.0199600798403194	0.113589503280225	-0.225888821408947	-1.8335512594839	9	47
chr2A2	0.303157894736842	0.494237331788037	-0.41464658538529	-1.14418797550566	143	5
chr2A3	0.0336134453781513	0.143448928867322	0.145886410983231	1.64181100782452	15	94
chr2B	0.00210084033613445	0.0246501789781972	0.211346118911063	2.77560786077995	0	124
chr2C1	0.00390625	0.036996336996337	-0.269472631526118	-2.11294627547776	1	43
chr2C2	0.0398406374501992	0.158352713684706	-0.279352423381319	-1.6120164222047	19	23
chr2C3	0.00397614314115308	0.036996336996337	-0.276979813664596	-2.1457006967497	1	42
chr2D	0.96969696969697	0.981083844580777	0.109344362101904	0.572542691203632	479	19
chr2E1	0.0386965376782077	0.156334012219959	0.208211092726742	1.68043492449911	18	46
chr2E2	0.932806324110672	0.96504815464758	-0.106903431763767	-0.630330473951657	471	24
chr2E3	0.325252525252525	0.513289141414141	0.21213864337749	1.11078822403703	160	19
chr2E4	0.971370143149284	0.981083844580777	-0.166812783932414	-0.540621705797162	474	7
chr2E5	0.139846743295019	0.322089471793029	-0.126215341186345	-1.33305915567702	72	81
chr2F1	0.61522633744856	0.75616044424612	0.0851561906850794	0.879219665850076	298	76
chr2F2	0.896130346232179	0.946388661382345	-0.146377306903623	-0.662839902309177	439	14
chr2F3	0.0676229508196721	0.2	-0.388460061026433	-1.58195665303305	32	11
chr2G1	0.150870406189555	0.338620245003224	-0.259297667163015	-1.32320785854465	77	18
chr2G3	0.0778688524590164	0.213345610139197	0.227066069400046	1.50426868900731	37	31
chr2H1	0.00420168067226891	0.036996336996337	0.192458031299681	2.09902707307855	1	88
chr2H2	0.571142284569138	0.727126521951466	-0.217083931324084	-0.913368036551212	284	12
chr2H3	0.120331950207469	0.284848288381743	0.133188236313236	1.35540828504957	57	74
chr2H4	0.0645792563600783	0.195675146771037	-0.157843517680174	-1.49126397171774	32	65
chr3A1	0.288844621513944	0.478250930703416	-0.196465808273742	-1.13371527443914	144	23
chr3A2	0.0603621730382294	0.190137851460497	-0.453072692491631	-1.57716198857848	29	8
chr3A3	0.00198019801980198	0.0246501789781972	-0.371012457842935	-2.39475359276272	0	29
chr3B	0.0369649805447471	0.155242152950059	-0.250128151298385	-1.68191854401715	18	31
chr3C	0.0471512770137525	0.170081392085321	-0.258399646330681	-1.59432248719019	23	26
chr3D	0.39344262295082	0.580465142106189	-0.248997992360824	-1.0140142324188	191	11
chr3E1	0.259332023575639	0.466153846153846	-0.185455349248453	-1.14425711441622	131	26
chr3E3	0.400386847195358	0.580465142106189	-0.199780188612352	-1.01948744254304	206	18
chr3F1	0.104166666666667	0.254536290322581	0.118385851096695	1.41331785787623	49	104
chr3F2	0.0268714011516315	0.126521116678597	-0.126822007341749	-1.75439334029509	13	144
chr3F3	0.431334622823985	0.602705573156682	-0.194692618591789	-0.993525339968958	222	18
chr3G1	0.542743538767396	0.705799537538716	-0.120646084520765	-0.934618245970092	272	42
chr3G2	0.267893660531697	0.471928948494792	-0.354996641200515	-1.1505046867142	130	7
chr3G3	0.68389662027833	0.803180914512923	-0.107070545609548	-0.829451580879388	343	42
chr3H1	0.123456790123457	0.289979902383003	-0.358896683673469	-1.38814700077931	59	10
chr3H2	0.79	0.87305974025974	0.131947552678054	0.760620881467016	394	23
chr3H3	0.311663479923518	0.497021233772768	-0.223151237044231	-1.11383132218768	162	17
chr3H4	0.798353909465021	0.876453748434425	-0.187197066326531	-0.724044155315408	387	10
chr4A1	0.00769230769230769	0.061336032388664	-0.288822589738771	-2.04656000478276	3	34
chr4A2	0.0147368421052632	0.0911278195488722	-0.626902542035222	-1.72989330116905	6	5
chr4A3	0.167652859960552	0.357738144845404	-0.246778493901287	-1.29060015665313	84	19
chr4A5	0.399581589958159	0.580465142106189	0.103302088340544	1.0277571338516	190	72
chr4B1	0.822810590631365	0.896253537068478	0.0898172995369919	0.724899547807686	403	46
chr4B2	0.243460764587525	0.449808607744025	-0.346066475370636	-1.20466958066774	120	8
chr4B3	0.74012474012474	0.830258302583026	0.118416586807219	0.79877565956333	355	32
chr4C1	0.664717348927875	0.796084413933384	0.251773332270662	0.827407366211635	340	7
chr4C3	0.062	0.190137851460497	-0.351855145890709	-1.54952225117888	30	13
chr4C4	0.531568228105906	0.695663265306122	-0.20727956254272	-0.938623396569031	260	14
chr4C5	0.0140280561122244	0.0904361915320002	-0.44470578855047	-1.87107378447517	6	12
chr4C6	0.521298174442191	0.692188062875067	0.153668091168091	0.941452529958648	256	26
chr4C7	0.668662674650699	0.79765665519355	0.113661636390725	0.830563735668673	334	37
chr4D1	0.191836734693878	0.38494391133937	0.159995018337352	1.2518067755563	93	43
chr4D2	0.205944798301486	0.402588863776454	0.0761276269223623	1.22662602505471	96	177
chr4D3	0.025	0.122886379235041	0.165484782525681	1.77924914925599	11	84
chr4E1	0.08300395256917	0.221052631578947	-0.247944932162809	-1.46194789096626	41	24
chr4E2	0.00212314225053079	0.0246501789781972	0.188180314439767	2.29469070616337	0	107
chr5A1	0.0423076923076923	0.160240384615385	-0.23654388272881	-1.67611975990748	21	34
chr5A3	0.712328767123288	0.814474024295684	-0.101329931452566	-0.81199749939675	363	46
chr5B1	0.038	0.155594594594595	0.186694224910592	1.7054623238607	18	58
chr5B2	0.885771543086172	0.946388661382345	0.120842879559867	0.667650452232101	441	21
chr5B3	0.303393213572854	0.494237331788037	0.135039271624911	1.10371126179253	151	47
chr5C1	0.398	0.580465142106189	-0.234983101580662	-1.03483364902488	198	13
chr5C3	0.10077519379845	0.24921704469963	-0.152080291460645	-1.42718053851509	51	63
chr5E1	0.0439770554493308	0.160850297742695	-0.316681446447926	-1.58067559419124	22	17
chr5E2	0.737166324435318	0.830258302583026	0.160382437390333	0.778592757794983	358	16
chr5E3	0.380855397148676	0.579895403698738	-0.341887153331208	-1.04037608812784	186	6
chr5E4	0.561475409836066	0.723944890129055	-0.223311807382604	-0.90941034827698	273	11
chr5E5	0.00594059405940594	0.0486486486486487	-0.322166701080597	-2.07947158800766	2	29
chr5F	0.0021978021978022	0.0246501789781972	0.145843620698462	2.41460533695591	0	190
chr5G1	0.0594262295081967	0.190137851460497	0.237887448385294	1.57595822686913	28	31
chr5G2	0.00213219616204691	0.0246501789781972	0.23967613072408	3.61365880297792	0	158
chr5G3	0.0590551181102362	0.190137851460497	-0.22135496901852	-1.5743264241497	29	35
chr6A1	0.001953125	0.0246501789781972	-0.321554334173135	-2.23038031852878	0	33
chr6A2	0.569138276553106	0.727126521951466	-0.217429437091373	-0.914821732006055	283	12
chr6A3	0.0374015748031496	0.155242152950059	-0.207819199186106	-1.63815960174443	18	44
chr6B1	0.694610778443114	0.809053205356085	-0.111716174111317	-0.812341779485546	347	37
chr6B2	0.0275590551181102	0.126521116678597	-0.211848702855897	-1.66992264458545	13	44
chr6B3	0.00198412698412698	0.0246501789781972	-0.316444881526783	-2.37631645933804	0	39
chr6C1	0.41796875	0.602201498241859	-0.130954527457698	-1.02681997604597	213	43
chr6C3	0.0224489795918367	0.117276565798733	0.230188132118155	1.80100022133554	10	43
chr6D1	0.587209302325581	0.735224870267154	-0.0941871798488563	-0.883889087579067	302	63
chr6D3	0.166	0.356723404255319	-0.291247784190931	-1.28261566579609	82	13
chr6E1	0.620352250489237	0.75616044424612	0.281133779619594	0.862767182515654	316	6
chr6E3	0.145748987854251	0.329566741192821	0.172323959014606	1.37094131143815	71	44
chr6F1	0.273453093812375	0.473464499572284	-0.159266640612011	-1.15810398339035	136	37
chr6F2	0.153374233128834	0.338835212023618	0.216377069973302	1.34412630367638	74	27
chr6F3	0.233128834355828	0.438745570247304	0.196343305866735	1.21967730683671	113	27
chr6G1	0.177062374245473	0.368403988003566	0.197792002202492	1.27866808290651	87	29
chr6G2	0.856	0.923017793594306	-0.15924996779793	-0.70131521873226	427	13
chr6G3	0.0161943319838057	0.0962133841390807	-0.256182208730539	-1.83392635238859	7	36
chr7A1	0.280665280665281	0.47353128920781	0.11131874883137	1.14399266187112	134	75
chr7A2	0.0081799591002045	0.062993762993763	0.332984457275988	2.06848705269593	3	27
chr7A3	0.00416666666666667	0.036996336996337	0.155953816991211	2.00887827490189	1	119
chr7B1	0.2875	0.478250930703416	0.107155901191017	1.13404810171172	137	81
chr7B2	0.177083333333333	0.368403988003566	0.272435335087859	1.26543916176466	84	15
chr7B3	0.0742268041237113	0.206948110682443	0.131766067319527	1.50244744646194	35	96
chr7B4	0.272904483430799	0.473464499572284	0.350886381491307	1.1531244160408	139	7
chr7B5	0.753086419753086	0.838916122004357	-0.196922831632653	-0.761661644008228	365	10
chr7C	0.0583657587548638	0.190137851460497	-0.233183844951096	-1.56798117665935	29	31
chr7D1	0.0329896907216495	0.143448928867322	-0.449120942385191	-1.64642062580786	15	9
chr7D2	0.00207900207900208	0.0246501789781972	0.308382247244849	2.08018352481013	0	32
chr7D3	0.144554455445545	0.329323308270677	-0.178285478797665	-1.32370286883291	72	38
chr7E1	0.619140625	0.75616044424612	-0.112288163160605	-0.880456225876293	316	43
chr7E2	0.995918367346939	0.995918367346939	0.0651342108893423	0.447966544188153	487	33
chr7E3	0.320537428023033	0.508496548120308	-0.128134654887986	-1.11744987483025	166	53
chr7F1	0.454191033138402	0.629891881587189	-0.157872329102472	-0.991582133283542	232	27
chr7F2	0.261538461538462	0.466153846153846	-0.162445968802857	-1.15107139988879	135	34
chr7F3	0.430962343096234	0.602705573156682	0.0777465015280682	1.00660495781508	205	120
chr7F4	0.0103092783505155	0.0743740795287187	0.376728355669007	1.9117899314376	4	18
chr7F5	0.00206611570247934	0.0246501789781972	0.256535228182546	2.42213645801588	0	64
chr8A1	0.187866927592955	0.384619453112604	-0.132392197441441	-1.25080660316379	95	65
chr8A2	0.18568665377176	0.382741878182608	-0.148269353806782	-1.25657043852242	95	50
chr8A3	0.242798353909465	0.449808607744025	-0.309470663265306	-1.19697615660268	117	10
chr8A4	0.0217391304347826	0.116713940539973	-0.310069167331737	-1.82824856019498	10	24
chr8B1	0.101167315175097	0.24921704469963	-0.213158755631573	-1.4333279243274	51	31
chr8B2	0.846315789473684	0.915834586466165	-0.249262889473265	-0.68782334384858	401	5
chr8B3	0.00831600831600832	0.062993762993763	0.137669578243349	1.80602465915956	3	122
chr8C1	0.260606060606061	0.466153846153846	0.221321352843617	1.15887020182915	128	19
chr8C2	0.062124248496994	0.190137851460497	0.203556966264767	1.57774253851028	30	42
chr8C3	0.523138832997988	0.692188062875067	0.125292257489361	0.923383855503366	259	38
chr8C4	0.0613496932515337	0.190137851460497	-0.480638513475048	-1.55769604044239	29	7
chr8C5	0.257874015748031	0.466153846153846	0.159352754256093	1.15435022507948	130	36
chr8D1	0.0693069306930693	0.2	0.425832934799936	1.50305726644166	34	8
chr8D3	0.0273109243697479	0.126521116678597	0.15378921575777	1.67728894057129	12	88
chr8E1	0.00212314225053079	0.0246501789781972	0.225664105527061	2.75177202891413	0	107
chr8E2	0.990403071017274	0.995348470514033	-0.0736803226321674	-0.51001084237457	515	32
chr9A1	0.00194552529182879	0.0246501789781972	-0.384725485276339	-2.45140952305537	0	28
chr9A2	0.177514792899408	0.368403988003566	-0.244196250498604	-1.27709556114591	89	19
chr9A3	0.00198019801980198	0.0246501789781972	0.265003150403355	2.51276273500678	0	62
chr9A4	0.4	0.580465142106189	0.123347459885921	1.02150380313496	199	48
chr9A5	0.649895178197065	0.784534816708011	0.0709499685368588	0.840817269624364	309	103
chr9B	0.621399176954732	0.75616044424612	0.0926089006306763	0.868448136289669	301	63
chr9C	0.896414342629482	0.946388661382345	-0.0792419638573485	-0.653020433180265	449	48
chr9D	0.0506072874493927	0.178302419734488	-0.22077097867959	-1.5804287020922	24	36
chr9E1	0.22879684418146	0.436009080421272	-0.228526441752567	-1.19514572304353	115	19
chr9E2	0.676056338028169	0.8015625	-0.23650964450821	-0.823298396553545	335	8
chr9E3	0.0884086444007859	0.228955720114856	-0.159829355471002	-1.45019346414559	44	59
chr9F1	0.932170542635659	0.96504815464758	-0.0619287301152102	-0.615377154866268	480	71
chr9F2	0.0206185567010309	0.113589503280225	0.219078694817658	1.82963667259963	9	50
chr9F3	0.307385229540918	0.495413428462225	0.153775729872239	1.12369088386876	153	37
chr9F4	0.904572564612326	0.950017654120472	-0.0850193338204847	-0.658625772767378	454	42
MT	0.174180327868852	0.368403988003566	-0.312162524551905	-1.27124415631721	84	11
chrXA1	0.395303326810176	0.580465142106189	-0.11016586904168	-1.0408181078916	201	65
chrXA3	0.265625	0.470668859649123	-0.214983245572044	-1.16443760691914	135	20
chrXA5	0.280943025540275	0.47353128920781	-0.181298506729541	-1.11860944965461	142	26
chrXA6	0.016	0.0962133841390807	-0.424337404083836	-1.86872426711537	7	13
chrXA7	0.280876494023904	0.47353128920781	-0.127513907898804	-1.13806716101348	140	58
chrXB	0.515274949083503	0.687789910010138	-0.308654765699713	-0.939248622218907	252	6
chrXC3	0.22568093385214	0.432793183273408	-0.185659542437444	-1.18299303736103	115	28
chrXD	0.0430528375733855	0.160850297742695	-0.196482946566371	-1.57449688358551	21	46
chrXE1	0.0147368421052632	0.0911278195488722	-0.634727866762292	-1.75148673223232	6	5
chrXE3	0.431640625	0.602705573156682	-0.186540609542046	-1.01038060147615	220	20
chrXF1	0.033596837944664	0.143448928867322	-0.278675073828717	-1.68160750612047	16	25
chrXF2	0.214432989690722	0.415446171488402	-0.328745405429343	-1.20513911745899	103	9
chrXF3	0.811284046692607	0.887433451797328	-0.1114079126665	-0.74913212803664	416	31
chrXF4	0.0535372848948375	0.184338605944725	-0.307137930549104	-1.53304033537439	27	17
chrXF5	0.0584677419354839	0.190137851460497	-0.268548878507385	-1.50772696803873	28	22
