pathway	pval	padj	ES	NES	nMoreExtreme	size
GOCC_NUCLEOTIDE_EXCISION_REPAIR_COMPLEX	0.953907815631262	0.974969681524185	-0.132408776137346	-0.58282259743414	475	13
GOCC_HISTONE_DEACETYLASE_COMPLEX	0.00198019801980198	0.0384227765180146	-0.206102331244768	-2.09981615835701	0	79
GOCC_RNA_POLYMERASE_I_TRANSCRIPTION_REGULATOR_COMPLEX	0.303846153846154	0.624209789064845	0.394692804207507	1.11629353341854	157	5
GOCC_SAGA_COMPLEX	0.79	0.901422187106491	0.130400086047472	0.745894667704523	394	23
GOCC_TRANSCRIPTION_FACTOR_TFIIIC_COMPLEX	0.559118236472946	0.796874122075928	-0.296833492721284	-0.921565331475403	278	6
GOCC_GOLGI_CIS_CISTERNA	0.884990253411306	0.951546512187244	-0.18061533556512	-0.643551639661848	453	8
GOCC_GOLGI_TRANS_CISTERNA	0.798792756539235	0.905495633060359	0.180898846542285	0.754304487498877	396	12
GOCC_GOLGI_MEMBRANE	0.3158953722334	0.640896376038939	-0.0621292345506021	-1.08737454473942	156	226
GOCC_EXOCYST	0.0583501006036217	0.259176417729679	-0.29539814223924	-1.51768367592109	28	18
GOCC_UBIQUITIN_LIGASE_COMPLEX	0.044806517311609	0.222415979708307	-0.0820792335769125	-1.59282695856723	21	275
GOCC_NUCLEAR_UBIQUITIN_LIGASE_COMPLEX	0.204771371769384	0.531973711960146	0.163489617508685	1.25168031405797	102	43
GOCC_CYTOPLASMIC_UBIQUITIN_LIGASE_COMPLEX	0.841683366733467	0.930388717154252	-0.16058098667141	-0.706827979840914	419	13
GOCC_PROTEIN_PHOSPHATASE_TYPE_2A_COMPLEX	0.60081466395112	0.810929766727447	-0.179344791832828	-0.869545359080906	294	16
GOCC_PROTEIN_PHOSPHATASE_TYPE_1_COMPLEX	0.727454909819639	0.881377952755906	-0.191436005595298	-0.779674264243455	362	11
GOCC_RIBONUCLEASE_MRP_COMPLEX	0.381422924901186	0.702217256105805	0.321431417868813	1.0524606412126	192	7
GOCC_NUCLEAR_EXOSOME_RNASE_COMPLEX	0.366990291262136	0.68773639802153	0.237400318979266	1.08239777280375	188	14
GOCC_CYTOPLASMIC_EXOSOME_RNASE_COMPLEX	0.294695481335953	0.617039737808688	0.24294335008108	1.13758440587843	149	15
GOCC_VACUOLAR_PROTON_TRANSPORTING_V_TYPE_ATPASE_V1_DOMAIN	0.138276553106212	0.418868368734959	-0.431542875358623	-1.33979137370842	68	6
GOCC_NUCLEAR_CHROMOSOME	0.0783132530120482	0.308864769422518	0.0936763949248469	1.48586794706131	38	199
GOCC_PERICENTRIOLAR_MATERIAL	0.097609561752988	0.342194440628291	-0.248146336216618	-1.43861710228999	48	23
GOCC_MITOCHONDRIAL_PROTON_TRANSPORTING_ATP_SYNTHASE_COMPLEX_CATALYTIC_SECTOR_F_1	0.121153846153846	0.384915865384615	0.50260578532154	1.42149940924236	62	5
GOCC_CYCLIN_DEPENDENT_PROTEIN_KINASE_HOLOENZYME_COMPLEX	0.852882703777336	0.93690417343408	-0.0845262823031868	-0.686470102153641	428	47
GOCC_ORGANELLAR_RIBOSOME	0.00204081632653061	0.0384227765180146	0.305733101849607	3.31610932232704	0	91
GOCC_TRANSCRIPTION_EXPORT_COMPLEX	0.969939879759519	0.980657447491668	-0.121852631062423	-0.536357702349869	483	13
GOCC_THO_COMPLEX	0.745967741935484	0.881861090272568	-0.231745778729121	-0.766954230510501	369	7
GOCC_PHAGOPHORE_ASSEMBLY_SITE	0.50501002004008	0.771366279069767	-0.139172251224004	-0.951374047051762	251	33
GOCC_EKC_KEOPS_COMPLEX	0.556451612903226	0.794310804690252	-0.274533468444363	-0.908558534247284	275	7
GOCC_AUTOPHAGOSOME_MEMBRANE	0.953125	0.974969681524185	-0.0842034393436263	-0.594136818636918	487	35
GOCC_TRANSCRIPTION_FACTOR_TFIIH_CORE_COMPLEX	0.538011695906433	0.786390897371223	-0.234454719387755	-0.917730938728305	275	10
GOCC_PROTEASOME_COMPLEX	0.185404339250493	0.497492581859827	0.139100637311105	1.27120528807034	93	62
GOCC_GLYCOSYLPHOSPHATIDYLINOSITOL_N_ACETYLGLUCOSAMINYLTRANSFERASE_GPI_GNT_COMPLEX	0.609406952965235	0.811655548709156	0.250637653435358	0.865032395393194	297	8
GOCC_CHROMOSOME_CENTROMERIC_REGION	0.00591715976331361	0.0722634654872848	0.120866151378594	2.00305650139887	2	215
GOCC_CONDENSED_CHROMOSOME_CENTROMERIC_REGION	0.00204498977505112	0.0384227765180146	0.156698930007085	2.24545543403151	0	163
GOCC_CHROMOSOME_TELOMERIC_REGION	0.67065868263473	0.84993448007033	0.0684818706897505	0.820488484941905	335	109
GOCC_CHROMATIN	0.0118811881188119	0.113403978434653	-0.0718008625338785	-1.88936170588606	5	531
GOCC_NUCLEOSOME	0.883435582822086	0.951546512187244	-0.0825106714311537	-0.658082181134547	431	46
GOCC_EUCHROMATIN	0.363821138211382	0.687293079306502	0.122622476739135	1.06290336616571	178	56
GOCC_HETEROCHROMATIN	0.502901353965184	0.770994934102561	-0.0871469833119383	-0.953379352013646	259	90
GOCC_CONDENSED_CHROMOSOME	0.00201612903225806	0.0384227765180146	0.145953748668051	2.51137290029787	0	233
GOCC_CONDENSED_NUCLEAR_CHROMOSOME	0.0224489795918367	0.154758060796162	0.209794537191742	1.780843089596	10	53
GOCC_CONDENSIN_COMPLEX	0.147239263803681	0.435999761748764	0.387294755300494	1.33668068348403	71	8
GOCC_LATERAL_ELEMENT	0.139059304703476	0.418868368734959	0.346954719387755	1.34075429871789	67	10
GOCC_SEX_CHROMOSOME	0.181286549707602	0.490760925983598	-0.176227357820391	-1.28856089539449	92	37
GOCC_X_CHROMOSOME	0.733466933867735	0.881377952755906	-0.190102411341349	-0.774242845448892	365	11
GOCC_ORIGIN_RECOGNITION_COMPLEX	0.368098159509202	0.68773639802153	0.306093575641639	1.05642889375377	179	8
GOCC_SWR1_COMPLEX	0.569138276553106	0.799764907997649	-0.201995914937467	-0.889123721624177	283	13
GOCC_ESCRT_I_COMPLEX	0.695296523517382	0.866231184322636	0.212484056122449	0.821112657461204	339	10
GOCC_ER_UBIQUITIN_LIGASE_COMPLEX	0.861723446893788	0.938663040366447	-0.214854956965253	-0.66705033121291	429	6
GOCC_SPINDLE_POLE	0.261663286004057	0.592302967302967	0.0899974376510448	1.16732588258939	128	131
GOCC_EQUATORIAL_MICROTUBULE_ORGANIZING_CENTER	0.536538461538462	0.786390897371223	0.31819268467607	0.899931370672366	278	5
GOCC_GAMMA_TUBULIN_COMPLEX	0.578411405295316	0.801709318788864	-0.182176184399426	-0.883273241785835	283	16
GOCC_GAMMA_TUBULIN_RING_COMPLEX	0.72962226640159	0.881377952755906	0.268143661672511	0.810857891665276	366	6
GOCC_P_BODY	0.00198807157057654	0.0384227765180146	-0.251594385065083	-2.5192560173766	0	76
GOCC_GARP_COMPLEX	0.292307692307692	0.615437772095916	0.402358753685553	1.13797482514373	151	5
GOCC_INNER_KINETOCHORE	0.663461538461538	0.845497643025498	0.292230456610089	0.826503461690384	344	5
GOCC_OUTER_KINETOCHORE	0.0135922330097087	0.118300025857929	0.396776030986557	1.80905187528105	6	14
GOCC_PRP19_COMPLEX	0.211650485436893	0.53941908713693	0.266678058783322	1.21588605324454	108	14
GOCC_SAM_COMPLEX	0.442307692307692	0.746700255464093	0.343246473822615	0.970789978971738	229	5
GOCC_PAM_COMPLEX_TIM23_ASSOCIATED_IMPORT_MOTOR	0.995850622406639	0.997168232719784	-0.172013706271416	-0.482730728088029	479	5
GOCC_OUTER_DENSE_FIBER	0.655310621242485	0.843495601365546	-0.268223355647646	-0.832740751020865	326	6
GOCC_MICROFIBRIL	0.0264227642276423	0.166736753574432	0.458385368229928	1.6723341233709	12	9
GOCC_CORNIFIED_ENVELOPE	0.225048923679061	0.543323918644698	0.25060815122029	1.21665320932076	114	16
GOCC_FIBRILLAR_CENTER	0.16260162601626	0.463490616214573	0.100696223220776	1.31054170625208	79	132
GOCC_DENSE_FIBRILLAR_COMPONENT	0.8300395256917	0.926160455052874	0.209475230277016	0.685883279976955	419	7
GOCC_GRANULAR_COMPONENT	0.695564516129032	0.866231184322636	-0.243108768174521	-0.804559631023888	344	7
GOCC_ACROSOMAL_VESICLE	0.496031746031746	0.769341974077767	-0.10574142254949	-0.95740290123896	249	60
GOCC_MALE_GERM_CELL_NUCLEUS	0.048	0.229947643979058	0.193929927405658	1.63326977558109	23	51
GOCC_FEMALE_GERM_CELL_NUCLEUS	0.488752556237219	0.769341974077767	0.252136479591837	0.974343480535116	238	10
GOCC_RUFFLE	0.930612244897959	0.966022589594462	0.0446295094575432	0.584545860960251	455	134
GOCC_SEX_CHROMATIN	0.57314629258517	0.799764907997649	-0.293698863032621	-0.911833390441387	285	6
GOCC_BARR_BODY	0.683366733466934	0.857723677808292	-0.262432260121135	-0.814761402330903	340	6
GOCC_XY_BODY	0.901408450704225	0.957406084115966	-0.126462454796852	-0.649733277965738	447	18
GOCC_PHOTORECEPTOR_OUTER_SEGMENT	0.58102766798419	0.803082048648842	-0.11549744363423	-0.880432916165936	293	41
GOCC_IMMUNOLOGICAL_SYNAPSE	0.534412955465587	0.785189529571552	-0.157219251336898	-0.939070211688755	263	25
GOCC_PHAGOCYTIC_CUP	0.432220039292731	0.741247057036531	0.215679081266449	1.00991922372443	219	15
GOCC_PHOTORECEPTOR_INNER_SEGMENT	0.954724409448819	0.974969681524185	-0.0848966933101158	-0.565229799723483	484	31
GOCC_FEMALE_PRONUCLEUS	0.553606237816764	0.793336397058824	-0.257213454487486	-0.9164788796067	283	8
GOCC_MALE_PRONUCLEUS	0.591182364729459	0.806157770085626	-0.287881202847731	-0.893771567674865	294	6
GOCC_ACROSOMAL_MEMBRANE	0.924024640657084	0.962314848112689	-0.136261107313739	-0.622289587924016	449	14
GOCC_PODOSOME	0.707171314741036	0.872463697849749	-0.139421191965664	-0.808288021663038	354	23
GOCC_SEMAPHORIN_RECEPTOR_COMPLEX	0.58300395256917	0.803604561985107	0.278119983149074	0.910646313729594	294	7
GOCC_MANCHETTE	0.950980392156863	0.974969681524185	-0.159638634250033	-0.595374720961174	484	9
GOCC_PALMITOYLTRANSFERASE_COMPLEX	0.487329434697856	0.769341974077767	-0.269169456400446	-0.959079385321297	249	8
GOCC_RIBOSE_PHOSPHATE_DIPHOSPHOKINASE_COMPLEX	0.742738589211618	0.881861090272568	-0.283289505139852	-0.79500960731629	357	5
GOCC_ZONA_PELLUCIDA_RECEPTOR_COMPLEX	0.0138339920948617	0.118300025857929	0.540015256919696	1.7681681751292	6	7
GOCC_COLLAGEN_TRIMER	0.00201612903225806	0.0384227765180146	0.475638977635783	3.19562076974863	0	34
GOCC_FIBRILLAR_COLLAGEN_TRIMER	0.00204498977505112	0.0384227765180146	0.779352678571429	3.01169113899311	0	10
GOCC_BASEMENT_MEMBRANE	0.00603621730382294	0.0722634654872848	0.22098678369397	2.25515205779183	2	79
GOCC_INTERSTITIAL_MATRIX	0.0674846625766871	0.279404824695334	0.436653116531165	1.50703250757283	32	8
GOCC_NUCLEAR_ENVELOPE	0.0546875	0.2501953125	0.0710256390823936	1.52414028928202	27	357
GOCC_NUCLEAR_INNER_MEMBRANE	0.477822580645161	0.767030984719864	0.145470776169893	0.977357734705952	236	34
GOCC_LAMIN_FILAMENT	0.0442307692307692	0.222415979708307	0.574946210853454	1.62609687938921	22	5
GOCC_NUCLEAR_OUTER_MEMBRANE	0.115913555992141	0.374773511423355	0.294451976499987	1.37877400898059	58	15
GOCC_NUCLEAR_ENVELOPE_LUMEN	0.245098039215686	0.569612627266703	-0.323652628315841	-1.20706741308052	124	9
GOCC_ANNULATE_LAMELLAE	0.943548387096774	0.973333454558679	-0.177310455544296	-0.586802507209396	467	7
GOCC_NUCLEAR_PORE	0.0658682634730539	0.273952095808383	0.154529679633591	1.52042768688948	32	73
GOCC_NUCLEAR_LAMINA	0.0241448692152917	0.158939246992748	0.408440971668527	1.70310017834169	11	12
GOCC_NUCLEOLAR_RIBONUCLEASE_P_COMPLEX	0.519230769230769	0.778846153846154	0.321380189656546	0.90894646078679	269	5
GOCC_REPLICATION_FORK	0.006	0.0722634654872848	0.217228790490618	2.08297829934565	2	69
GOCC_DNA_REPLICATION_FACTOR_A_COMPLEX	0.906560636182903	0.957406084115966	0.147037716290567	0.639503325629392	455	13
GOCC_DNA_REPLICATION_FACTOR_C_COMPLEX	0.0826923076923077	0.313775247762422	0.532871145111164	1.50709768987882	42	5
GOCC_RNA_POLYMERASE_II_CORE_COMPLEX	0.0135922330097087	0.118300025857929	0.388323080428344	1.77051167913822	6	14
GOCC_RNA_POLYMERASE_III_COMPLEX	0.0554455445544554	0.250410509031199	0.308250017726725	1.55447013730119	27	18
GOCC_TRANSCRIPTION_REGULATOR_COMPLEX	0.369047619047619	0.68773639802153	0.0456485907367726	1.05512224051477	185	420
GOCC_TRANSCRIPTION_FACTOR_TFIID_COMPLEX	0.106299212598425	0.358906935526048	-0.214490498772581	-1.42804645195021	53	31
GOCC_TRANSCRIPTION_FACTOR_TFIIH_HOLO_COMPLEX	0.435643564356436	0.741247057036531	-0.234492106522086	-1.00214591404174	219	12
GOCC_CHROMATIN_SILENCING_COMPLEX	0.217821782178218	0.540127183450052	-0.285347897730293	-1.21948765795185	109	12
GOCC_ANAPHASE_PROMOTING_COMPLEX	0.0222672064777328	0.154758060796162	0.322746130524972	1.71450008313164	10	20
GOCC_SPLICEOSOMAL_COMPLEX	0.096969696969697	0.341258741258741	-0.0897005096796762	-1.42910341566827	47	187
GOCC_U5_SNRNP	0.288801571709234	0.615437772095916	0.247069144269878	1.15690347400469	146	15
GOCC_U7_SNRNP	0.104743083003953	0.357611645330659	0.434810825581528	1.42369804212631	52	7
GOCC_U2_TYPE_SPLICEOSOMAL_COMPLEX	0.344064386317907	0.672689986070268	0.0994641100249105	1.08888913273866	170	92
GOCC_U1_SNRNP	0.586138613861386	0.803699618307245	0.177488832163369	0.895056199305779	295	18
GOCC_U2_SNRNP	0.0931174089068826	0.330241973448828	0.272690282431786	1.44859215240788	45	20
GOCC_U4_SNRNP	0.00204498977505112	0.0384227765180146	0.579878826530612	2.240854457257	0	10
GOCC_U6_SNRNP	0.231083844580777	0.550629473415133	0.349772835963654	1.20718028592278	112	8
GOCC_U12_TYPE_SPLICEOSOMAL_COMPLEX	0.411764705882353	0.732541169169951	0.164551235996913	0.998184274585802	202	27
GOCC_CHROMOSOME	0.112449799196787	0.368786975860431	0.0401190498897788	1.42540353697278	55	1018
GOCC_TELOMERASE_HOLOENZYME_COMPLEX	0.585858585858586	0.803699618307245	0.164198895867291	0.89093433678244	289	21
GOCC_PERICENTRIC_HETEROCHROMATIN	0.789783889980354	0.901422187106491	-0.122535323700806	-0.761009723358898	401	27
GOCC_PERICHROMATIN_FIBRILS	0.222222222222222	0.543323918644698	-0.339570380997928	-1.20992536313742	113	8
GOCC_NUCLEOLUS	0.00402414486921529	0.0556281727817126	0.071214184312256	2.25835247172966	1	817
GOCC_SNO_S_RNA_CONTAINING_RIBONUCLEOPROTEIN_COMPLEX	0.0443548387096774	0.222415979708307	0.298095058468502	1.66676403984691	21	22
GOCC_RNA_POLYMERASE_I_COMPLEX	0.00397614314115308	0.0556281727817126	0.484460201308937	2.1070370085177	1	13
GOCC_MITOCHONDRION	0.00202839756592292	0.0384227765180146	0.145731471506312	6.34463036190955	0	1584
GOCC_MITOCHONDRIAL_ENVELOPE	0.00198412698412698	0.0384227765180146	0.185118511661978	5.30710920573293	0	667
GOCC_TIM23_MITOCHONDRIAL_IMPORT_INNER_MEMBRANE_TRANSLOCASE_COMPLEX	0.497017892644135	0.76949470688559	0.238611902328716	0.968174882610544	249	11
GOCC_MITOCHONDRIAL_RESPIRATORY_CHAIN_COMPLEX_III	0.237424547283702	0.558157568238213	0.287846170201456	1.20024899020886	117	12
GOCC_MITOCHONDRIAL_RESPIRATORY_CHAIN_COMPLEX_IV	0.00779727095516569	0.0871428571428571	0.375794092330947	1.94828563493828	3	19
GOCC_MITOCHONDRIAL_PERMEABILITY_TRANSITION_PORE_COMPLEX	0.0238568588469185	0.158939246992748	0.575868664328977	1.74140849767385	11	6
GOCC_MITOCHONDRIAL_MATRIX	0.00193423597678917	0.0384227765180146	0.215961066888895	4.01396797364258	0	272
GOCC_MITOCHONDRIAL_LARGE_RIBOSOMAL_SUBUNIT	0.00205761316872428	0.0384227765180146	0.297540730275067	2.60075786789999	0	58
GOCC_MITOCHONDRIAL_SMALL_RIBOSOMAL_SUBUNIT	0.00400801603206413	0.0556281727817126	0.366050750678805	2.3823316920084	1	32
GOCC_SECONDARY_LYSOSOME	0.87819253438114	0.949603915146437	0.143254379668767	0.670789911848127	446	15
GOCC_ENDOSOME	0.0555555555555556	0.250410509031199	-0.0514523598576847	-1.59335642816495	27	726
GOCC_EARLY_ENDOSOME	0.321083172147002	0.64384090616553	0.0591724740010569	1.09866524702236	165	271
GOCC_LATE_ENDOSOME	0.353061224489796	0.677526841910403	-0.0672228676593371	-1.05363364090067	172	182
GOCC_MULTIVESICULAR_BODY	0.95190380761523	0.974969681524185	0.0901962545919182	0.58701531253881	474	32
GOCC_VACUOLE	0.0392927308447937	0.214005051922537	0.0676240604457113	1.65226785336713	19	472
GOCC_VACUOLAR_MEMBRANE	0.343873517786561	0.672689986070268	0.0683218014158929	1.09704893799361	173	202
GOCC_VACUOLAR_LUMEN	0.659919028340081	0.844511763540104	0.155728418701133	0.827264408638331	325	20
GOCC_AUTOPHAGOSOME	0.198807157057654	0.518257973526363	-0.118571942614872	-1.23471047432438	99	82
GOCC_ENDOPLASMIC_RETICULUM	0.002	0.0384227765180146	0.0683911161057558	2.70052014649339	0	1271
GOCC_SIGNAL_PEPTIDASE_COMPLEX	0.0280561122244489	0.172177419354839	-0.55201360110509	-1.71381131090557	13	6
GOCC_ENDOPLASMIC_RETICULUM_LUMEN	0.495934959349593	0.769341974077767	0.110040463617036	0.953841272035356	243	56
GOCC_SMOOTH_ENDOPLASMIC_RETICULUM	0.793713163064833	0.902240375087609	-0.121914442581801	-0.757153720417521	403	27
GOCC_ROUGH_ENDOPLASMIC_RETICULUM	0.561122244488978	0.797246667247539	0.105764616122959	0.893730263224521	279	52
GOCC_ENDOPLASMIC_RETICULUM_GOLGI_INTERMEDIATE_COMPARTMENT	0.658203125	0.843495601365546	0.090264355415264	0.830373157343607	336	63
GOCC_GOLGI_APPARATUS	0.600798403193613	0.810929766727447	-0.0233528230950603	-0.881652329494399	300	1140
GOCC_GOLGI_STACK	0.50395256916996	0.771097994632966	-0.0982688569130074	-0.949975098858331	254	71
GOCC_GOLGI_LUMEN	0.0457256461232604	0.222415979708307	0.369416007802101	1.60668141134162	22	13
GOCC_GOLGI_MEDIAL_CISTERNA	0.563380281690141	0.799213887979037	-0.175973197192087	-0.904107408237438	279	18
GOCC_GOLGI_ASSOCIATED_VESICLE	0.245472837022133	0.569612627266703	0.116501357144669	1.18888682349518	121	79
GOCC_CIS_GOLGI_NETWORK	0.300194931773879	0.62187545613779	-0.131966920990043	-1.14220859247821	153	55
GOCC_TRANS_GOLGI_NETWORK	0.271629778672032	0.601794788099054	-0.0708850711858922	-1.14076582842016	134	192
GOCC_LIPID_DROPLET	0.249500998003992	0.572163942791109	0.117549634348319	1.15657858782015	124	73
GOCC_CENTROSOME	0.431372549019608	0.741247057036531	0.0379244269392421	1.00483848633755	219	551
GOCC_CENTRIOLE	0.52390438247012	0.78026302491283	-0.077937422154694	-0.936980319903976	262	113
GOCC_MICROTUBULE_ORGANIZING_CENTER	0.574257425742574	0.799764907997649	-0.0310130229524391	-0.894065018996827	289	636
GOCC_ASTER	0.64128256513026	0.839447134612573	-0.207337667514659	-0.84443802965254	319	11
GOCC_SPINDLE	0.0229445506692161	0.156673610912931	0.0851738301458722	1.74842717222684	11	321
GOCC_ACTOMYOSIN_CONTRACTILE_RING	0.821153846153846	0.920779128959276	0.256036337556777	0.7241371134411	426	5
GOCC_POLAR_MICROTUBULE	0.355769230769231	0.677526841910403	0.378771216830026	1.07126315829699	184	5
GOCC_KINETOCHORE_MICROTUBULE	0.896078431372549	0.957406084115966	0.130343594724322	0.649175766018285	456	17
GOCC_CHAPERONIN_CONTAINING_T_COMPLEX	0.0122699386503067	0.113403978434653	0.516798182687709	1.78363930470047	5	8
GOCC_PROTEASOME_CORE_COMPLEX	0.79009900990099	0.901422187106491	0.149693327660781	0.754886599254696	398	18
GOCC_RIBOSOME	0.00198807157057654	0.0384227765180146	0.315328871862825	5.1393405985381	0	211
GOCC_POLYSOME	0.008	0.0871428571428571	0.209693951582479	2.0107277201325	3	69
GOCC_MRNA_CLEAVAGE_AND_POLYADENYLATION_SPECIFICITY_FACTOR_COMPLEX	0.333333333333333	0.660056936995736	0.223184081002585	1.11156744644319	169	17
GOCC_MRNA_CLEAVAGE_FACTOR_COMPLEX	0.317554240631164	0.642836571189192	-0.2012895479743	-1.11181914739762	160	21
GOCC_EUKARYOTIC_TRANSLATION_INITIATION_FACTOR_2_COMPLEX	0.353876739562624	0.677526841910403	0.351131654446924	1.06181093838237	177	6
GOCC_EUKARYOTIC_TRANSLATION_INITIATION_FACTOR_2B_COMPLEX	0.0854870775347912	0.319268065078914	0.474976091807459	1.43631257211959	42	6
GOCC_EUKARYOTIC_TRANSLATION_INITIATION_FACTOR_3_COMPLEX	0.104125736738703	0.356835389947242	0.299098811707473	1.40053285632899	52	15
GOCC_AXONEMAL_DYNEIN_COMPLEX	0.0155945419103314	0.126274388034984	-0.454926658163265	-1.78072879120943	7	10
GOCC_CYTOPLASMIC_DYNEIN_COMPLEX	0.320866141732283	0.64384090616553	-0.205026328386788	-1.10517743983054	162	20
GOCC_DYNACTIN_COMPLEX	0.0715746421267894	0.289782290026603	0.433424996014666	1.49589120942895	34	8
GOCC_KINESIN_COMPLEX	0.352822580645161	0.677526841910403	0.144437102486585	1.07863135424743	174	41
GOCC_MICROTUBULE	0.025390625	0.164768949468085	0.0791162082607906	1.69775593860709	12	357
GOCC_MICROTUBULE_ASSOCIATED_COMPLEX	0.0914634146341463	0.32819225251076	0.124651817510682	1.45888189869742	44	105
GOCC_SPINDLE_MICROTUBULE	0.639511201629328	0.838327721333575	0.0844533482917968	0.838464512818605	313	75
GOCC_AXONEMAL_MICROTUBULE	0.0539419087136929	0.249277002389036	-0.547549605546259	-1.53661603763479	25	5
GOCC_CYTOPLASMIC_MICROTUBULE	0.21980198019802	0.541467481076297	0.128859984533168	1.22244616203378	110	67
GOCC_INTERMEDIATE_FILAMENT	0.167953667953668	0.471033810740748	0.167381707392899	1.31785125791863	86	45
GOCC_ACTIN_FILAMENT	0.0527383367139959	0.246201929047481	0.144034483737414	1.63323828443657	25	99
GOCC_ARP2_3_PROTEIN_COMPLEX	0.75609756097561	0.887858220211161	0.206306186617067	0.752669914126026	371	9
GOCC_SODIUM_POTASSIUM_EXCHANGING_ATPASE_COMPLEX	0.0653846153846154	0.2731822971549	0.561431189736234	1.58787289730405	33	5
GOCC_VOLTAGE_GATED_CALCIUM_CHANNEL_COMPLEX	0.0293542074363992	0.175095042482076	0.349048891370234	1.69456361186813	14	16
GOCC_CAVEOLA	0.0846774193548387	0.317540322580645	0.147957813582814	1.46183949074453	41	74
GOCC_MICROVILLUS	0.549603174603175	0.793336397058824	0.0965921223768756	0.907439808701069	276	66
GOCC_BRUSH_BORDER	0.277445109780439	0.607106428069203	0.113110981348538	1.14746558347678	138	77
GOCC_CLATHRIN_COATED_PIT	0.978174603174603	0.987891569431304	-0.0581692545755296	-0.526675466915099	492	60
GOCC_CELL_CELL_JUNCTION	0.525291828793774	0.78026302491283	0.0447490343771371	0.933211228205533	269	340
GOCC_ADHERENS_JUNCTION	0.229674796747967	0.549477806788512	0.104825401925571	1.22684036580367	112	105
GOCC_ZONULA_ADHERENS	0.673076923076923	0.850723140495868	0.290142640847876	0.820598577665436	349	5
GOCC_FASCIA_ADHERENS	0.0357852882703777	0.203376017188793	0.407826168888116	1.65476679635541	17	11
GOCC_GAP_JUNCTION	0.258252427184466	0.586354766436195	0.258646616541353	1.17926767281234	132	14
GOCC_CONNEXIN_COMPLEX	0.263461538461538	0.592302967302967	0.415825962228066	1.17606358087717	136	5
GOCC_CILIUM	0.150101419878296	0.436008886313146	-0.0553262454235636	-1.31158454650924	73	422
GOCC_CELL_CORTEX	0.0871287128712871	0.322473567740349	0.0838293608432894	1.42880722218418	43	228
GOCC_PHOSPHATIDYLINOSITOL_3_KINASE_COMPLEX	0.0222672064777328	0.154758060796162	-0.294108069279272	-1.75670679340423	10	25
GOCC_PHOSPHATIDYLINOSITOL_3_KINASE_COMPLEX_CLASS_IA	0.517034068136273	0.777955178255028	-0.307884390606737	-0.955874547324138	257	6
GOCC_MITOCHONDRIAL_ALPHA_KETOGLUTARATE_DEHYDROGENASE_COMPLEX	0.0755467196819085	0.303180914512922	0.484512804165338	1.46515128651506	37	6
GOCC_CAMP_DEPENDENT_PROTEIN_KINASE_COMPLEX	0.349693251533742	0.677526841910403	0.312788936712897	1.07953677138551	170	8
GOCC_CALCINEURIN_COMPLEX	0.406813627254509	0.729871507721325	-0.335963234512804	-1.04304964624749	202	6
GOCC_TRANSCRIPTION_ELONGATION_FACTOR_COMPLEX	0.649797570850202	0.842618096396106	-0.101721173836558	-0.834677004122926	320	48
GOCC_CYCLIN_CDK_POSITIVE_TRANSCRIPTION_ELONGATION_FACTOR_COMPLEX	0.170588235294118	0.471565665541141	-0.351720472963996	-1.31174686773686	86	9
GOCC_VOLTAGE_GATED_POTASSIUM_CHANNEL_COMPLEX	0.1699604743083	0.471254042400287	-0.225887183356063	-1.28363332703429	85	22
GOCC_COP9_SIGNALOSOME	0.412955465587045	0.732541169169951	0.162323628604859	1.01406744685416	203	29
GOCC_OLIGOSACCHARYLTRANSFERASE_COMPLEX	0.083495145631068	0.314395301450318	0.3134996582365	1.4293634200195	42	14
GOCC_COHESIN_COMPLEX	0.131048387096774	0.406472115910333	-0.407120654908971	-1.34735100817353	64	7
GOCC_F_ACTIN_CAPPING_PROTEIN_COMPLEX	0.866799204771372	0.94223388480214	0.226995005844225	0.686425667156706	435	6
GOCC_CASPASE_COMPLEX	0.904854368932039	0.957406084115966	0.140738209159262	0.641678683488533	465	14
GOCC_INTEGRIN_COMPLEX	0.525252525252525	0.78026302491283	0.170593442834726	0.925630803109838	259	21
GOCC_IKAPPAB_KINASE_COMPLEX	0.062124248496994	0.267231308411215	-0.491207098076719	-1.52502814966097	30	6
GOCC_PROTEASOME_REGULATORY_PARTICLE_BASE_SUBCOMPLEX	0.47887323943662	0.767371303125231	0.235116674639877	0.980379732411491	237	12
GOCC_PROTEASOME_REGULATORY_PARTICLE_LID_SUBCOMPLEX	0.266260162601626	0.594214753123141	0.327647136973562	1.19535989925145	130	9
GOCC_NUCLEOID	0.0487329434697856	0.232242933723197	0.203428066906745	1.61850349425223	24	46
GOCC_EXTERNAL_SIDE_OF_PLASMA_MEMBRANE	0.0099403578528827	0.101360333215172	-0.132431812742149	-2.13350092514576	4	193
GOCC_CELL_SURFACE	0.00201207243460765	0.0384227765180146	0.0925185334684679	2.20235870001709	0	452
GOCC_ENDOSOME_MEMBRANE	0.619238476953908	0.821164067264965	-0.0496163587153328	-0.862215071734802	308	221
GOCC_CHROMOCENTER	0.766208251473477	0.894947651087711	0.1595502033655	0.747095251805613	389	15
GOCC_CYTOPLASMIC_STRESS_GRANULE	0.0461847389558233	0.222415979708307	-0.17383476015763	-1.61458025390896	22	66
GOCC_VESICLE_MEMBRANE	0.270707070707071	0.601794788099054	-0.0475214805023133	-1.15674962399994	133	450
GOCC_ER_TO_GOLGI_TRANSPORT_VESICLE_MEMBRANE	0.263157894736842	0.592302967302967	0.221956278921334	1.17908170748083	129	20
GOCC_TRANS_GOLGI_NETWORK_TRANSPORT_VESICLE_MEMBRANE	0.902152641878669	0.957406084115966	0.130652815441059	0.634293682943412	460	16
GOCC_INTERCALATED_DISC	0.250965250965251	0.574083011583012	0.146674838560681	1.15481926617272	129	45
GOCC_CAJAL_BODY	0.419878296146045	0.734586311613061	0.151404200173972	1.04403687940298	206	36
GOCC_ACTIN_CYTOSKELETON	0.00196078431372549	0.0384227765180146	0.118127029901309	2.55983957083287	0	366
GOCC_MICROTUBULE_CYTOSKELETON	0.166998011928429	0.470163633583117	0.0365815177974324	1.3159729811581	83	1032
GOCC_LARGE_RIBOSOMAL_SUBUNIT	0.00201207243460765	0.0384227765180146	0.388002806310288	4.69085033962644	0	111
GOCC_SMALL_RIBOSOMAL_SUBUNIT	0.00203665987780041	0.0384227765180146	0.34175360281484	3.4649685412845	0	78
GOCC_DYSTROPHIN_ASSOCIATED_GLYCOPROTEIN_COMPLEX	0.431492842535787	0.741247057036531	0.264046556122449	1.0203681789011	210	10
GOCC_INCLUSION_BODY	0.45703125	0.760333806818182	0.106260634641069	0.977528485993249	233	63
GOCC_AGGRESOME	0.503042596348884	0.770994934102561	0.153676946684051	0.932219746737473	247	27
GOCC_PREFOLDIN_COMPLEX	0.711693548387097	0.872463697849749	-0.238349520090175	-0.788809072492229	352	7
GOCC_EUKARYOTIC_TRANSLATION_INITIATION_FACTOR_4F_COMPLEX	0.23921568627451	0.559801414171807	-0.326912005668482	-1.21922331062344	121	9
GOCC_BASOLATERAL_PLASMA_MEMBRANE	0.184738955823293	0.497165131112686	0.0939161966156326	1.26229954502588	91	144
GOCC_APICAL_PLASMA_MEMBRANE	0.213849287169043	0.53941908713693	-0.0716964315743451	-1.22385273184559	104	212
GOCC_APICOLATERAL_PLASMA_MEMBRANE	0.592954990215264	0.806907549016055	0.182245972244377	0.884768296391116	302	16
GOCC_LATERAL_PLASMA_MEMBRANE	0.164356435643564	0.464154748808214	0.158922553427609	1.29628859956293	82	49
GOCC_CATENIN_COMPLEX	0.799607072691552	0.905495633060359	0.15238323098599	0.713535839648128	406	15
GOCC_NUCLEAR_MATRIX	0.391732283464567	0.714014022649559	-0.0927476963810572	-1.0514942552655	198	98
GOCC_MYOSIN_COMPLEX	0.989754098360656	0.995276065398017	0.0811512054925755	0.500024819076866	482	28
GOCC_MYOSIN_II_COMPLEX	0.353876739562624	0.677526841910403	0.265443238894566	1.07704382785762	177	11
GOCC_UNCONVENTIONAL_MYOSIN_COMPLEX	0.182692307692308	0.493107556160653	0.450808829388796	1.27500419488297	94	5
GOCC_PROTON_TRANSPORTING_TWO_SECTOR_ATPASE_COMPLEX	0.025844930417495	0.16537140791614	0.226767886120679	1.73614021026573	12	43
GOCC_VACUOLAR_PROTON_TRANSPORTING_V_TYPE_ATPASE_COMPLEX	0.450292397660819	0.753231341608134	0.192622761530871	0.998643051903648	230	19
GOCC_SWI_SNF_COMPLEX	0.846	0.932638554216867	0.123051343442405	0.707819108613092	422	24
GOCC_SARCOPLASM	0.0317460317460317	0.186202686202686	0.180971308213461	1.70014453833887	15	66
GOCC_SARCOPLASMIC_RETICULUM	0.0285714285714286	0.173131504257332	0.200839781874054	1.70483055685806	13	53
GOCC_NURD_COMPLEX	0.949186991869919	0.974969681524185	-0.114630106649025	-0.569213650816157	466	17
GOCC_RSC_TYPE_COMPLEX	0.584493041749503	0.803699618307245	0.206363128937086	0.897524190200036	293	13
GOCC_NURF_COMPLEX	0.475103734439834	0.767030984719864	-0.349908359231811	-0.981965453087434	228	5
GOCC_RNA_POLYMERASE_II_HOLOENZYME	0.0810276679841897	0.313775247762422	-0.150084459459459	-1.47564304581904	40	74
GOCC_MEDIATOR_COMPLEX	0.493827160493827	0.769341974077767	0.13605322029907	0.971226385694541	239	38
GOCC_CDC73_PAF1_COMPLEX	0.237816764132554	0.558157568238213	-0.335804240395345	-1.19650620383732	121	8
GOCC_FLOTILLIN_COMPLEX	0.32156862745098	0.64384090616553	-0.294389088171472	-1.09792859383641	163	9
GOCC_CCAAT_BINDING_FACTOR_COMPLEX	0.567134268537074	0.799764907997649	-0.29600998831155	-0.91900863510206	282	6
GOCC_NUCLEAR_BODY	0.00405679513184584	0.0556281727817126	-0.0712704704802315	-2.08015100054484	1	655
GOCC_PML_BODY	0.189243027888446	0.500454828086498	-0.132676313024905	-1.26134812045739	94	69
GOCC_NUCLEAR_SPECK	0.0147679324894515	0.120648734177215	-0.101594865350232	-2.05733915384529	6	309
GOCC_TRANSCRIPTION_REPRESSOR_COMPLEX	0.44466800804829	0.749204458752815	-0.106184461690905	-0.99193273745387	220	67
GOCC_AMINOACYL_TRNA_SYNTHETASE_MULTIENZYME_COMPLEX	0.00402414486921529	0.0556281727817126	0.492172965502578	2.05224236417365	1	12
GOCC_GOLGI_TRANSPORT_COMPLEX	0.285714285714286	0.613682092555332	0.273600701642481	1.14084882782005	141	12
GOCC_HOST_CELLULAR_COMPONENT	0.0100806451612903	0.101360333215172	-0.614740006148311	-2.03445970392665	4	7
GOCC_SCF_UBIQUITIN_LIGASE_COMPLEX	0.505813953488372	0.771366279069767	-0.104560355865601	-0.935605591137913	260	58
GOCC_PROTEASOME_CORE_COMPLEX_ALPHA_SUBUNIT_COMPLEX	0.415204678362573	0.732541169169951	-0.283576438705564	-1.01041299470739	212	8
GOCC_PROTEASOME_CORE_COMPLEX_BETA_SUBUNIT_COMPLEX	0.276073619631902	0.607106428069203	0.300350765306122	1.16066033175164	134	10
GOCC_ORGANELLE_INNER_MEMBRANE	0.002	0.0384227765180146	0.216088564365505	5.4707456859148	0	507
GOCC_OUTER_MEMBRANE	0.0531697341513292	0.246955871819626	0.111431907483123	1.58546485068508	25	162
GOCC_EXTRINSIC_COMPONENT_OF_PLASMA_MEMBRANE	0.346693386773547	0.676384752447325	0.0870163712785734	1.08034571679437	172	118
GOCC_EXTRINSIC_COMPONENT_OF_MEMBRANE	0.904950495049505	0.957406084115966	0.038866125318004	0.661730489047562	456	226
GOCC_NUCLEAR_CYCLIN_DEPENDENT_PROTEIN_KINASE_HOLOENZYME_COMPLEX	0.0260521042084168	0.165539412157649	-0.391166205614814	-1.72179300070262	12	13
GOCC_PROTEASOME_ACCESSORY_COMPLEX	0.112204724409449	0.368786975860431	0.238700614574188	1.4138750833112	56	25
GOCC_CYTOSOLIC_LARGE_RIBOSOMAL_SUBUNIT	0.00204081632653061	0.0384227765180146	0.557250514298479	4.73022672966589	0	53
GOCC_CYTOSOLIC_RIBOSOME	0.00202429149797571	0.0384227765180146	0.511654083598757	5.77321277209451	0	98
GOCC_CYTOSOLIC_SMALL_RIBOSOMAL_SUBUNIT	0.00194552529182879	0.0384227765180146	0.489139597412979	3.78561727332243	0	44
GOCC_TRAPP_COMPLEX	0.858546168958743	0.937434062765214	0.146003136879602	0.683660992030189	436	15
GOCC_CCR4_NOT_COMPLEX	0.138492871690428	0.418868368734959	-0.283926862338491	-1.37660694209045	67	16
GOCC_CCR4_NOT_CORE_COMPLEX	0.549098196392786	0.793336397058824	-0.299702475826161	-0.930472531743825	273	6
GOCC_SARCOMERE	0.00200400801603206	0.0384227765180146	0.186496054915138	2.29489715363301	0	116
GOCC_LAMELLIPODIUM	0.169354838709677	0.471187419930167	0.0943122604924145	1.2920897552422	83	151
GOCC_CELL_SUBSTRATE_JUNCTION	0.0119284294234592	0.113403978434653	0.135479345216569	1.83861032228446	5	148
GOCC_HEMIDESMOSOME	0.231854838709677	0.551031629660662	-0.36834075305423	-1.21901033267393	114	7
GOCC_DESMOSOME	0.916831683168317	0.960477137176938	-0.141471323021315	-0.604604182301279	462	12
GOCC_MITOCHONDRIAL_CRISTA	0.433009708737864	0.741247057036531	0.221804511278196	1.01129059151058	222	14
GOCC_MITOCHONDRIAL_TRICARBOXYLIC_ACID_CYCLE_ENZYME_COMPLEX	0.0815109343936382	0.313775247762422	0.361570742101716	1.4670840279689	40	11
GOCC_MEMBRANE_COAT	0.169421487603306	0.471187419930167	0.121088409032028	1.27474076520471	81	87
GOCC_CLATHRIN_COAT	0.604838709677419	0.810929766727447	0.115017942315602	0.858934143283257	299	41
GOCC_AP_TYPE_MEMBRANE_COAT_ADAPTOR_COMPLEX	0.836693548387097	0.929843893480257	0.0909980821479942	0.67152229052829	414	40
GOCC_VESICLE_COAT	0.0931174089068826	0.330241973448828	0.167774814814815	1.43512955150428	45	54
GOCC_AP_1_ADAPTOR_COMPLEX	0.483739837398374	0.769341974077767	0.262619015986892	0.958116842989345	237	9
GOCC_AP_2_ADAPTOR_COMPLEX	0.107723577235772	0.360624651422197	0.390230724945751	1.42368452953585	52	9
GOCC_AP_3_ADAPTOR_COMPLEX	0.417821782178218	0.733794492693031	-0.238080051028544	-1.01747966655173	210	12
GOCC_AP_4_ADAPTOR_COMPLEX	0.468879668049793	0.766814002828854	-0.351661486971073	-0.986885343765622	225	5
GOCC_CLATHRIN_VESICLE_COAT	0.141987829614604	0.424571451298572	0.225879507670838	1.37020771155097	69	27
GOCC_COPI_VESICLE_COAT	0.537223340040241	0.786390897371223	0.223794716419497	0.93316990185621	266	12
GOCC_COPII_VESICLE_COAT	0.0446601941747573	0.222415979708307	0.345158350421508	1.57370736217707	22	14
GOCC_CLATHRIN_COAT_OF_TRANS_GOLGI_NETWORK_VESICLE	0.608349900596421	0.811655548709156	0.202811700698632	0.882078152091434	305	13
GOCC_CLATHRIN_ADAPTOR_COMPLEX	0.23	0.549477806788512	0.209674789131649	1.19934972365304	114	23
GOCC_CLATHRIN_COAT_OF_COATED_PIT	0.436399217221135	0.741247057036531	0.209662625618121	1.01787074798168	222	16
GOCC_TRANSPORT_VESICLE	0.49203187250996	0.769341974077767	0.0551199368997355	0.95855552137961	246	238
GOCC_COPII_COATED_ER_TO_GOLGI_TRANSPORT_VESICLE	0.631683168316832	0.835245807817776	0.102837232453957	0.838815694598002	318	49
GOCC_COATED_VESICLE	0.118712273641851	0.380423669897354	0.094442265845463	1.37767889254393	58	168
GOCC_CLATHRIN_COATED_VESICLE	0.573469387755102	0.799764907997649	0.0821429232726674	0.890956563027582	280	91
GOCC_COPI_COATED_VESICLE	0.0327868852459016	0.191082802547771	0.27180607194179	1.67477218756931	15	28
GOCC_ENDOCYTIC_VESICLE	0.0650887573964497	0.2731822971549	-0.101526217113728	-1.48519485506785	32	158
GOCC_TRANS_GOLGI_NETWORK_TRANSPORT_VESICLE	0.787819253438114	0.901422187106491	-0.123135508782511	-0.764737192868896	400	27
GOCC_SECRETORY_GRANULE	0.509018036072144	0.774868086769592	0.0587427754598359	0.937780406144549	253	203
GOCC_FILOPODIUM	0.415169660678643	0.732541169169951	0.102903811053075	1.01247736863571	207	73
GOCC_INTEGRAL_COMPONENT_OF_SYNAPTIC_VESICLE_MEMBRANE	0.803149606299213	0.908267863823419	-0.136771980213818	-0.737258029847263	407	20
GOCC_DYNEIN_COMPLEX	0.0413385826771654	0.219670294494238	-0.24724571304928	-1.64612589042596	20	31
GOCC_PROTEIN_PHOSPHATASE_4_COMPLEX	0.192946058091286	0.507315066533124	-0.452657582277472	-1.27031577310814	92	5
GOCC_EXTERNAL_ENCAPSULATING_STRUCTURE	0.00200400801603206	0.0384227765180146	0.243810301957402	4.36843333937897	0	258
GOCC_T_TUBULE	0.00778210116731518	0.0871428571428571	0.271996947896229	2.10507664824688	3	44
GOCC_AXON	0.0455445544554455	0.222415979708307	0.0679808214490295	1.61144495467334	22	444
GOCC_SITE_OF_POLARIZED_GROWTH	0.628458498023715	0.832184552375832	-0.0579115730624619	-0.861079631366027	317	164
GOCC_MIDBODY	0.284552845528455	0.613682092555332	0.0846968504256511	1.14516370336142	139	149
GOCC_SMALL_NUCLEAR_RIBONUCLEOPROTEIN_COMPLEX	0.195219123505976	0.510358565737052	0.138102982385909	1.2751458694048	97	64
GOCC_TRANSPORT_VESICLE_MEMBRANE	0.780632411067194	0.898463718398091	-0.0672648391988881	-0.750822237100053	394	95
GOCC_GOLGI_ASSOCIATED_VESICLE_MEMBRANE	0.332661290322581	0.660056936995736	0.147774119793464	1.1035516235889	164	41
GOCC_COATED_VESICLE_MEMBRANE	0.065173116089613	0.2731822971549	0.153153297539867	1.52052710289996	31	75
GOCC_COPI_COATED_VESICLE_MEMBRANE	0.188235294117647	0.49923273657289	0.254052709861164	1.26530853228316	95	17
GOCC_CLATHRIN_COATED_VESICLE_MEMBRANE	0.446247464503043	0.749204458752815	0.14464060641565	0.997397213443426	219	36
GOCC_ENDOCYTIC_VESICLE_MEMBRANE	0.832677165354331	0.926885165814127	-0.10737919647204	-0.714915026132445	422	31
GOCC_SECRETORY_GRANULE_MEMBRANE	0.989837398373984	0.995276065398017	0.0554688750200032	0.480809518320304	486	56
GOCC_CLATHRIN_COATED_ENDOCYTIC_VESICLE_MEMBRANE	0.173824130879346	0.474773372401795	0.334661989795918	1.29325089518351	84	10
GOCC_PHAGOCYTIC_VESICLE_MEMBRANE	0.142857142857143	0.42577943229409	-0.263791391902432	-1.35529589422598	70	18
GOCC_SYNAPTIC_VESICLE_MEMBRANE	0.668639053254438	0.848550254823593	-0.0896290719677701	-0.807001668362706	338	59
GOCC_AXOLEMMA	0.217647058823529	0.540127183450052	-0.336167574509543	-1.25374209576572	110	9
GOCC_RIBONUCLEASE_P_COMPLEX	0.430583501006036	0.741247057036531	0.244059958539308	1.01767106570222	213	12
GOCC_MULTIMERIC_RIBONUCLEASE_P_COMPLEX	0.284552845528455	0.613682092555332	0.321482662415305	1.17286995548158	139	9
GOCC_PRERIBOSOME	0.00200400801603206	0.0384227765180146	0.269003973308813	2.71137723855673	0	76
GOCC_90S_PRERIBOSOME	0.00614754098360656	0.0722634654872848	0.322101457539746	1.9846744364807	2	28
GOCC_PRERIBOSOME_LARGE_SUBUNIT_PRECURSOR	0.0100806451612903	0.101360333215172	0.357869309114122	2.00098484846002	4	22
GOCC_PRERIBOSOME_SMALL_SUBUNIT_PRECURSOR	0.0397614314115308	0.215276389003259	0.379101163568112	1.64880454462916	19	13
GOCC_CORTICAL_CYTOSKELETON	0.296907216494845	0.617432052483599	0.105678576522607	1.13681795545927	143	90
GOCC_CORTICAL_ACTIN_CYTOSKELETON	0.435129740518962	0.741247057036531	0.108720905165777	1.0093756724749	217	65
GOCC_ROUGH_ENDOPLASMIC_RETICULUM_MEMBRANE	0.932238193018481	0.966022589594462	-0.131897926634769	-0.602363418525563	453	14
GOCC_MRE11_COMPLEX	0.70954356846473	0.872463697849749	-0.292405769384015	-0.820593038842867	341	5
GOCC_BETA_CATENIN_DESTRUCTION_COMPLEX	0.59009900990099	0.805881483670755	-0.206120767554351	-0.8808956858609	297	12
GOCC_RNA_POLYMERASE_COMPLEX	0.0490196078431373	0.232398658945443	-0.141372749657524	-1.6226083545813	24	101
GOCC_VCB_COMPLEX	0.639278557114228	0.838327721333575	-0.274944214217405	-0.853606692390408	318	6
GOCC_REPLISOME	0.467741935483871	0.766814002828854	0.173737051330412	0.971430626976211	231	22
GOCC_HOPS_COMPLEX	0.42685370741483	0.741203102633243	-0.248961753386532	-1.0139632369198	212	11
GOCC_RETROMER_COMPLEX	0.0748987854251012	0.301904795876509	0.279902664751875	1.48690595052301	36	20
GOCC_SMC5_SMC6_COMPLEX	0.652173913043478	0.842851879145173	0.262863063452846	0.860690688380692	329	7
GOCC_NADH_DEHYDROGENASE_COMPLEX	0.00772200772200772	0.0871428571428571	0.253913182508594	1.99914203399545	3	45
GOCC_CORTICAL_MICROTUBULE_CYTOSKELETON	0.33195020746888	0.660056936995736	-0.387202167503387	-1.08662494569616	159	5
GOCC_INTRACILIARY_TRANSPORT_PARTICLE	0.0222672064777328	0.154758060796162	-0.293415276558385	-1.75256874414164	10	25
GOCC_INTRACILIARY_TRANSPORT_PARTICLE_A	0.377016129032258	0.698319348308737	-0.323048195926175	-1.06911626128891	186	7
GOCC_INTRACILIARY_TRANSPORT_PARTICLE_B	0.0143149284253579	0.119074177356386	-0.335443914932925	-1.76173579752524	6	19
GOCC_ISWI_TYPE_COMPLEX	0.0712871287128713	0.289782290026603	-0.362967097220007	-1.55120783725128	35	12
GOCC_INO80_COMPLEX	0.356164383561644	0.677526841910403	0.220140772052959	1.06874008493502	181	16
GOCC_DENSE_CORE_GRANULE	0.0545808966861598	0.2501953125	0.299095165116621	1.55064389134416	27	19
GOCC_NUCLEOCYTOPLASMIC_TRANSPORT_COMPLEX	0.441717791411043	0.746700255464093	0.2625	1.01439174551221	215	10
GOCC_NUCLEAR_PORE_OUTER_RING	0.212678936605317	0.53941908713693	0.320169005102041	1.23724493693093	103	10
GOCC_BLOC_COMPLEX	0.651072124756335	0.842618096396106	0.160775092897781	0.833530410245937	333	19
GOCC_BLOC_1_COMPLEX	0.493203883495146	0.769341974077767	0.209637730690362	0.955817640728184	253	14
GOCC_PLATELET_ALPHA_GRANULE	0.469306930693069	0.766814002828854	-0.228459044277893	-0.976362493154574	236	12
GOCC_PSEUDOPODIUM	0.115853658536585	0.374773511423355	0.387671050883486	1.41434603276934	56	9
GOCC_SNARE_COMPLEX	0.0274509803921569	0.170868347338936	-0.224987450956288	-1.68068586881491	13	39
GOCC_SCAR_COMPLEX	0.548057259713701	0.793336397058824	0.24234693877551	0.936513273310595	267	10
GOCC_ENDOPLASMIC_RETICULUM_PALMITOYLTRANSFERASE_COMPLEX	0.414829659318637	0.732541169169951	-0.33304112209117	-1.03397749782595	206	6
GOCC_ANCHORED_COMPONENT_OF_MEMBRANE	0.0459081836327345	0.222415979708307	0.156584218858804	1.58848415877877	22	77
GOCC_INTRINSIC_COMPONENT_OF_PLASMA_MEMBRANE	0.0162271805273834	0.128782547501759	0.0677165244548547	1.85069800571676	7	600
GOCC_INTRINSIC_COMPONENT_OF_ENDOPLASMIC_RETICULUM_MEMBRANE	0.0100603621730382	0.101360333215172	0.141791715972157	1.87498572464343	4	137
GOCC_INTRINSIC_COMPONENT_OF_GOLGI_MEMBRANE	0.291089108910891	0.615437772095916	0.139710646353703	1.13958223172125	146	49
GOCC_INTRINSIC_COMPONENT_OF_NUCLEAR_INNER_MEMBRANE	0.124744376278119	0.39227507485782	0.355261479591837	1.37285452341491	60	10
GOCC_INTRINSIC_COMPONENT_OF_PEROXISOMAL_MEMBRANE	0.755381604696673	0.887858220211161	0.158139256659754	0.767734940774391	385	16
GOCC_EXTRINSIC_COMPONENT_OF_EXTERNAL_SIDE_OF_PLASMA_MEMBRANE	0.731462925851703	0.881377952755906	-0.253479970247583	-0.786967638530365	364	6
GOCC_INTRINSIC_COMPONENT_OF_EXTERNAL_SIDE_OF_PLASMA_MEMBRANE	0.00205338809034908	0.0384227765180146	-0.50373661426293	-2.30051007431019	0	14
GOCC_EXTRINSIC_COMPONENT_OF_CYTOPLASMIC_SIDE_OF_PLASMA_MEMBRANE	0.879032258064516	0.949603915146437	0.0698786969997507	0.677178230814914	435	71
GOCC_PROTEIN_ACETYLTRANSFERASE_COMPLEX	0.156626506024096	0.452092280795105	-0.118052662135856	-1.30322022430291	77	94
GOCC_CELL_LEADING_EDGE	0.220729366602687	0.541467481076297	0.0595544669245048	1.21743810351649	114	319
GOCC_CELL_PROJECTION_MEMBRANE	0.7	0.866960899360983	0.0509470987693118	0.807791204871387	349	197
GOCC_CELL_TRAILING_EDGE	0.149284253578732	0.436008886313146	0.384644508209788	1.3275338152548	72	8
GOCC_LEADING_EDGE_MEMBRANE	0.509803921568627	0.774868086769592	-0.0823847759755902	-0.936575326674299	259	100
GOCC_LAMELLIPODIUM_MEMBRANE	0.21881390593047	0.541120875476704	0.353100589829428	1.21866545129332	106	8
GOCC_DNA_REPLICATION_PREINITIATION_COMPLEX	0.00201207243460765	0.0384227765180146	0.633537979057035	2.64170031892375	0	12
GOCC_DEATH_INDUCING_SIGNALING_COMPLEX	0.0625	0.267231308411215	-0.463742044199524	-1.53473743778583	30	7
GOCC_CD95_DEATH_INDUCING_SIGNALING_COMPLEX	0.278008298755187	0.607106428069203	-0.406502510160172	-1.14078846943512	133	5
GOCC_INTRINSIC_COMPONENT_OF_ORGANELLE_MEMBRANE	0.00193050193050193	0.0384227765180146	0.118018331768672	2.42378076960354	0	324
GOCC_INTRINSIC_COMPONENT_OF_ENDOSOME_MEMBRANE	0.912863070539419	0.960080125912148	-0.217276276994183	-0.609753360143065	439	5
GOCC_INTRINSIC_COMPONENT_OF_MITOCHONDRIAL_INNER_MEMBRANE	0.0118811881188119	0.113403978434653	0.230608164897306	1.88100888561846	5	49
GOCC_INTRINSIC_COMPONENT_OF_MITOCHONDRIAL_OUTER_MEMBRANE	0.744939271255061	0.881861090272568	0.140968565501835	0.748856746566457	367	20
GOCC_INTRINSIC_COMPONENT_OF_VACUOLAR_MEMBRANE	0.776470588235294	0.897058823529412	-0.20175368672778	-0.752443451441111	395	9
GOCC_EXTRINSIC_COMPONENT_OF_ORGANELLE_MEMBRANE	0.793774319066148	0.902240375087609	0.0938049560351719	0.725988375850463	407	44
GOCC_EXTRINSIC_COMPONENT_OF_ENDOSOME_MEMBRANE	0.491228070175439	0.769341974077767	-0.267495616132632	-0.953115314521254	251	8
GOCC_EXTRINSIC_COMPONENT_OF_MITOCHONDRIAL_INNER_MEMBRANE	0.458077709611452	0.760691659336622	0.285549179021202	0.985523471615875	223	8
GOCC_EXTRINSIC_COMPONENT_OF_MITOCHONDRIAL_OUTER_MEMBRANE	0.215384615384615	0.53941908713693	0.432098175153399	1.2220856159113	111	5
GOCC_RNAI_EFFECTOR_COMPLEX	0.150101419878296	0.436008886313146	-0.286498125847356	-1.35299613956953	73	15
GOCC_ANCHORED_COMPONENT_OF_EXTERNAL_SIDE_OF_PLASMA_MEMBRANE	0.00389863547758285	0.0556281727817126	-0.522735969387755	-2.04615617525646	1	10
GOCC_UBIQUITIN_CONJUGATING_ENZYME_COMPLEX	0.884990253411306	0.951546512187244	-0.180176948828312	-0.641989621118979	453	8
GOCC_CTF18_RFC_LIKE_COMPLEX	0.0572597137014315	0.255573844081999	0.447074764865296	1.54300101948177	27	8
GOCC_N_TERMINAL_PROTEIN_ACETYLTRANSFERASE_COMPLEX	0.983739837398374	0.991323734823251	0.137239271954298	0.500692067118138	483	9
GOCC_BOX_C_D_RNP_COMPLEX	0.099403578528827	0.345833742790406	0.46509403889066	1.40642955887415	49	6
GOCC_BOX_H_ACA_SNORNP_COMPLEX	0.146153846153846	0.434190809190809	0.480038250059766	1.35767257123224	75	5
GOCC_M_BAND	0.0894308943089431	0.326013021086386	0.401629688676321	1.46527153762756	43	9
GOCC_CULLIN_RING_UBIQUITIN_LIGASE_COMPLEX	0.216374269005848	0.539461733352455	-0.0819276076162239	-1.21725356505227	110	162
GOCC_CUL2_RING_UBIQUITIN_LIGASE_COMPLEX	0.126232741617357	0.395558077328362	-0.243163761954155	-1.34311060467175	63	21
GOCC_CUL3_RING_UBIQUITIN_LIGASE_COMPLEX	0.087719298245614	0.322473567740349	-0.197420157234809	-1.44352101581569	44	37
GOCC_CUL4A_RING_E3_UBIQUITIN_LIGASE_COMPLEX	0.755511022044088	0.887858220211161	-0.17262762753553	-0.759853577717443	376	13
GOCC_CUL4B_RING_E3_UBIQUITIN_LIGASE_COMPLEX	0.388461538461538	0.710884615384615	0.36267431667862	1.02573695321915	201	5
GOCC_CUL5_RING_UBIQUITIN_LIGASE_COMPLEX	0.554901960784314	0.793336397058824	-0.239900801558833	-0.894713697955747	282	9
GOCC_TRAMP_COMPLEX	0.489626556016597	0.769341974077767	-0.344409913140489	-0.966534886869481	235	5
GOCC_MOTILE_CILIUM	0.388	0.710884615384615	-0.0857236712346466	-1.05208936504536	193	117
GOCC_PCG_PROTEIN_COMPLEX	0.0801603206412826	0.313447407635784	-0.19164344679008	-1.48683738346423	39	43
GOCC_BRUSH_BORDER_MEMBRANE	0.576687116564417	0.801709318788864	0.126770295101365	0.887202006191687	281	37
GOCC_FILOPODIUM_MEMBRANE	0.246520874751491	0.569612627266703	0.273870934105365	1.19113229973938	123	13
GOCC_MICROVILLUS_MEMBRANE	0.474509803921569	0.767030984719864	0.193755894317526	0.965000477239923	241	17
GOCC_NUCLEOTIDE_ACTIVATED_PROTEIN_KINASE_COMPLEX	0.437627811860941	0.741536014542149	0.263089923469388	1.01667141598014	213	10
GOCC_NEUROMUSCULAR_JUNCTION	0.783838383838384	0.901020252779047	0.0828697580727206	0.73575934056619	387	59
GOCC_CYTOSOLIC_PROTEASOME_COMPLEX	0.608349900596421	0.811655548709156	0.292556582722346	0.884681787290439	305	6
GOCC_SPINDLE_POLE_CENTROSOME	0.283168316831683	0.613682092555332	0.228515209529887	1.15237647593017	142	18
GOCC_NMS_COMPLEX	0.0633946830265849	0.269795976601512	0.385140306122449	1.48831675197965	30	10
GOCC_A_BAND	0.0121457489878543	0.113403978434653	0.348045316738471	1.84889505417483	5	20
GOCC_I_BAND	0.00616016427104723	0.0722634654872848	0.197157185113198	2.06208453679651	2	85
GOCC_EARLY_ENDOSOME_MEMBRANE	0.643835616438356	0.840384577804702	-0.0869749178620082	-0.863732154988116	328	75
GOCC_LATE_ENDOSOME_MEMBRANE	0.496	0.769341974077767	-0.10382806244996	-0.953549580198773	247	64
GOCC_MICROBODY_MEMBRANE	0.649193548387097	0.842618096396106	0.11033598228574	0.823970073798332	321	41
GOCC_MICROBODY_LUMEN	0.300403225806452	0.62187545613779	0.201861416591707	1.1286847622909	148	22
GOCC_TORC1_COMPLEX	0.0613496932515337	0.267231308411215	0.43836681013869	1.51294702387143	29	8
GOCC_TORC2_COMPLEX	0.242544731610338	0.566143952610865	0.291810716589478	1.1840306519551	121	11
GOCC_FILAMENTOUS_ACTIN	0.156186612576065	0.452092280795105	0.221015938905298	1.34070481641489	76	27
GOCC_NUCLEAR_MEMBRANE	0.39484126984127	0.716072804885279	0.0645322854060718	1.04306309782961	198	206
GOCC_ORGANELLE_ENVELOPE_LUMEN	0.040983606557377	0.219298245614035	0.155262588505644	1.62893761714629	19	86
GOCC_ENVELOPE	0.00204081632653061	0.0384227765180146	0.138757824008711	4.88024076312337	0	1003
GOCC_ORGANELLE_SUBCOMPARTMENT	0.488095238095238	0.769341974077767	0.0324727259833026	0.954871658157559	245	707
GOCC_GOLGI_CISTERNA	0.301810865191147	0.623379100789841	-0.138783670205387	-1.1459312017631	149	49
GOCC_EARLY_PHAGOSOME	0.426900584795322	0.741203102633243	-0.256744260204082	-1.0049793475921	218	10
GOCC_INTEGRATOR_COMPLEX	0.731707317073171	0.881377952755906	-0.157702612033088	-0.783096885824643	359	17
GOCC_SMALL_SUBUNIT_PROCESSOME	0.0204498977505112	0.149693251533742	0.240345562467477	1.68205860079377	9	37
GOCC_GUANYL_NUCLEOTIDE_EXCHANGE_FACTOR_COMPLEX	0.357723577235772	0.679081064669568	-0.215963102158786	-1.07239842494233	175	17
GOCC_BLEB	0.778846153846154	0.898322061127749	0.266586979042155	0.753977061719843	404	5
GOCC_DENSE_CORE_GRANULE_MEMBRANE	0.00197628458498024	0.0384227765180146	0.644866729667877	2.11148261829192	0	7
GOCC_CHROMOSOME_PASSENGER_COMPLEX	0.00192307692307692	0.0384227765180146	0.789146545541477	2.2319109350785	0	5
GOCC_CELL_DIVISION_SITE	0.365702479338843	0.687293079306502	-0.136161519261687	-1.07031531641579	176	45
GOCC_CLEAVAGE_FURROW	0.893700787401575	0.957406084115966	-0.104497212471609	-0.666029330125193	453	29
GOCC_SEPTIN_CYTOSKELETON	0.775551102204409	0.897058823529412	-0.182840120893218	-0.744665227882848	386	11
GOCC_AMPA_GLUTAMATE_RECEPTOR_COMPLEX	0.00613496932515337	0.0722634654872848	0.520790816326531	2.01251773417219	2	10
GOCC_MISMATCH_REPAIR_COMPLEX	0.667338709677419	0.84807627688172	-0.24832344669756	-0.821817420037046	330	7
GOCC_PHOTORECEPTOR_CONNECTING_CILIUM	0.01364522417154	0.118300025857929	-0.255630720598365	-1.86915218101541	6	37
GOCC_STEREOCILIUM	0.980544747081712	0.98919343283326	-0.0907369813644762	-0.57115824581145	503	28
GOCC_STEREOCILIUM_BUNDLE	0.753507014028056	0.887858220211161	-0.112475283947211	-0.768875010219695	375	33
GOCC_STEREOCILIUM_TIP	0.533742331288344	0.785189529571552	0.270225569902758	0.932636692155121	260	8
GOCC_ACTIN_FILAMENT_BUNDLE	0.00200400801603206	0.0384227765180146	0.241536162956242	2.50726339457029	0	82
GOCC_FILOPODIUM_TIP	0.717693836978131	0.877675087819358	0.184882815135586	0.804101002883411	360	13
GOCC_CUTICULAR_PLATE	0.674273858921162	0.850723140495868	-0.30113953303052	-0.845103039676022	324	5
GOCC_CORTICAL_ENDOPLASMIC_RETICULUM	0.16359918200409	0.463755106527195	0.377829587119401	1.30401329695105	79	8
GOCC_GOLGI_CISTERNA_MEMBRANE	0.597535934291581	0.809993155373032	-0.189473684210526	-0.865305612102018	290	14
GOCC_GROWTH_CONE_MEMBRANE	0.476923076923077	0.767030984719864	0.332903020160969	0.941536011550432	247	5
GOCC_MULTIVESICULAR_BODY_MEMBRANE	0.850687622789784	0.936677707403914	0.146401892761252	0.68552817000631	432	15
GOCC_RUFFLE_MEMBRANE	0.460606060606061	0.763504611330698	-0.108371293111462	-0.985539193152429	227	62
GOCC_TRANS_GOLGI_NETWORK_MEMBRANE	0.579158316633267	0.801709318788864	0.135810972688069	0.883885045331251	288	32
GOCC_NEURON_PROJECTION_MEMBRANE	0.101167315175097	0.350636717368235	-0.224715449008919	-1.41450684971668	51	28
GOCC_DENDRITE_MEMBRANE	0.495934959349593	0.769341974077767	-0.195158800538641	-0.969091424503591	243	17
GOCC_DENDRITIC_SPINE_MEMBRANE	0.908548707753479	0.957406084115966	0.212357879077675	0.642163462053915	456	6
GOCC_INSULIN_RESPONSIVE_COMPARTMENT	0.49498997995992	0.769341974077767	-0.23448065925942	-0.954985113270142	246	11
GOCC_SUPER_ELONGATION_COMPLEX	0.960238568588469	0.977328465248553	0.183057060886197	0.553558721167567	482	6
GOCC_SMN_COMPLEX	0.428861788617886	0.741247057036531	0.280536734422745	1.02348632035495	210	9
GOCC_CARBOXY_TERMINAL_DOMAIN_PROTEIN_KINASE_COMPLEX	0.16370808678501	0.463755106527195	-0.234660496289795	-1.29614297184538	82	21
GOCC_PLASMA_MEMBRANE_BOUNDED_CELL_PROJECTION_CYTOPLASM	0.0602409638554217	0.265002316960148	-0.126005961251863	-1.49334482201887	29	110
GOCC_DENDRITE_CYTOPLASM	0.403162055335968	0.724741219317114	-0.18139744073354	-1.03081457258805	203	22
GOCC_MYOSIN_FILAMENT	0.415506958250497	0.732541169169951	0.332297311656572	1.00485648571834	208	6
GOCC_PROTEIN_DNA_COMPLEX	0.20523138832998	0.531973711960146	0.0935231837209288	1.2367057778917	101	137
GOCC_PROTEIN_LIPID_COMPLEX	0.586744639376218	0.803699618307245	0.169273402892952	0.877589472436472	300	19
GOCC_PARANODAL_JUNCTION	0.768774703557312	0.894947651087711	0.229480012296622	0.751384797691897	388	7
GOCC_SARCOPLASMIC_RETICULUM_MEMBRANE	0.727634194831014	0.881377952755906	0.195059903024505	0.791461351549042	365	11
GOCC_DNA_RECOMBINASE_MEDIATOR_COMPLEX	0.855731225296443	0.937434062765214	0.202518530325974	0.663105006030552	432	7
GOCC_WEIBEL_PALADE_BODY	0.47713717693837	0.767030984719864	0.318324301349485	0.962602547634734	239	6
GOCC_CIS_GOLGI_NETWORK_MEMBRANE	0.180360721442886	0.489703442493295	-0.28899057246079	-1.27204737472134	89	13
GOCC_ENDOPLASMIC_RETICULUM_GOLGI_INTERMEDIATE_COMPARTMENT_MEMBRANE	0.605316973415133	0.810929766727447	0.251554280248685	0.868195973878493	295	8
GOCC_PROTON_TRANSPORTING_V_TYPE_ATPASE_COMPLEX	0.292	0.615437772095916	0.200331005194075	1.14590283702535	145	23
GOCC_PROTON_TRANSPORTING_TWO_SECTOR_ATPASE_COMPLEX_PROTON_TRANSPORTING_DOMAIN	0.00202429149797571	0.0384227765180146	0.44321844582735	2.35447613571828	0	20
GOCC_PROTON_TRANSPORTING_TWO_SECTOR_ATPASE_COMPLEX_CATALYTIC_DOMAIN	0.194174757281553	0.509082816368543	0.27280701754386	1.24383029249635	99	14
GOCC_PROTON_TRANSPORTING_V_TYPE_ATPASE_V0_DOMAIN	0.00613496932515337	0.0722634654872848	0.541447473298262	1.86871205657687	2	8
GOCC_PROTON_TRANSPORTING_V_TYPE_ATPASE_V1_DOMAIN	0.396728016359918	0.717403428793133	0.297784154312131	1.02775036705008	193	8
GOCC_CORVET_COMPLEX	0.0968379446640316	0.341258741258741	0.438590898222683	1.43607510751127	48	7
GOCC_NODE_OF_RANVIER	0.857707509881423	0.937434062765214	0.202222500540824	0.662135717777514	433	7
GOCC_PARANODE_REGION_OF_AXON	0.496078431372549	0.769341974077767	-0.252229750675347	-0.940694701705078	252	9
GOCC_TRANSCRIPTION_FACTOR_TFTC_COMPLEX	0.770623742454728	0.895215035346143	-0.146201162873148	-0.751145950381613	382	18
GOCC_CHROMATOID_BODY	0.0235294117647059	0.158939246992748	-0.464266418670564	-1.73148868860091	11	9
GOCC_RDNA_HETEROCHROMATIN	0.740663900414938	0.881861090272568	-0.284532632082238	-0.798498257069914	356	5
GOCC_ELONGATOR_HOLOENZYME_COMPLEX	0.025844930417495	0.16537140791614	0.574354478801403	1.73682964887011	12	6
GOCC_PHAGOPHORE_ASSEMBLY_SITE_MEMBRANE	0.737166324435318	0.881814686658977	-0.168284347231716	-0.768536225467232	358	14
GOCC_VCP_NPL4_UFD1_AAA_ATPASE_COMPLEX	0.571150097465887	0.799764907997649	-0.254244380679101	-0.905899754020909	292	8
GOCC_ATG12_ATG5_ATG16_COMPLEX	0.313278008298755	0.638417322034212	-0.390724360506813	-1.09650945333143	150	5
GOCC_LOW_DENSITY_LIPOPROTEIN_PARTICLE	0.695825049701789	0.866231184322636	0.276909998937414	0.83736701631849	349	6
GOCC_HIGH_DENSITY_LIPOPROTEIN_PARTICLE	0.272549019607843	0.602372833191247	-0.308533723041495	-1.15068122529308	138	9
GOCC_TRIGLYCERIDE_RICH_PLASMA_LIPOPROTEIN_PARTICLE	0.524850894632207	0.78026302491283	0.235582324077899	0.95588227885223	263	11
GOCC_PWP2P_CONTAINING_SUBCOMPLEX_OF_90S_PRERIBOSOME	0.886538461538461	0.952092361863489	0.234361303689537	0.662834500663017	460	5
GOCC_NUCLEAR_PERIPHERY	0.805940594059406	0.909291792311167	-0.057724278164017	-0.725269719006239	406	121
GOCC_CENTRIOLAR_SATELLITE	0.302504816955684	0.623405197104619	-0.102478742178726	-1.11644861366188	156	88
GOCC_BBSOME	0.118908382066277	0.380423669897354	-0.400027897337797	-1.42534192036756	60	8
GOCC_RNA_CAP_BINDING_COMPLEX	0.0175438596491228	0.134558823529412	-0.442681760204082	-1.7327983348379	8	10
GOCC_GID_COMPLEX	0.695020746887967	0.866231184322636	-0.295959837437246	-0.830566999035921	334	5
GOCC_ENDOPLASMIC_RETICULUM_CHAPERONE_COMPLEX	0.309941520467836	0.634444051964363	-0.284040178571429	-1.11182432325364	158	10
GOCC_ION_CHANNEL_COMPLEX	0.23780487804878	0.558157568238213	0.102924819102002	1.18406019077027	116	101
GOCC_CATION_CHANNEL_COMPLEX	0.0460921843687375	0.222415979708307	0.163470866619988	1.64767524237181	22	76
GOCC_CALCIUM_CHANNEL_COMPLEX	0.283433133732535	0.613682092555332	0.182465665921431	1.15792435691419	141	30
GOCC_POTASSIUM_CHANNEL_COMPLEX	0.223968565815324	0.543323918644698	-0.193921869502615	-1.20435825202341	113	27
GOCC_SODIUM_CHANNEL_COMPLEX	0.891129032258065	0.955900427334266	-0.199023101709003	-0.658659720414836	441	7
GOCC_CHLORIDE_CHANNEL_COMPLEX	0.352941176470588	0.677526841910403	0.21879706656532	1.08971793811968	179	17
GOCC_METHYLTRANSFERASE_COMPLEX	0.0923694779116466	0.330148719879518	-0.12731805607732	-1.40550380310737	45	94
GOCC_METHYLOSOME	0.00402414486921529	0.0556281727817126	0.496558231010471	2.07052786192394	1	12
GOCC_PICLN_SM_PROTEIN_COMPLEX	0.107355864811133	0.360624651422197	0.461348422059292	1.39510293288596	53	6
GOCC_SMN_SM_PROTEIN_COMPLEX	0.00587084148727984	0.0722634654872848	0.392417052161429	1.90510748983866	2	16
GOCC_ARYL_HYDROCARBON_RECEPTOR_COMPLEX	0.909274193548387	0.957406084115966	-0.192407974586982	-0.63676719767107	450	7
GOCC_MICROTUBULE_ORGANIZING_CENTER_ATTACHMENT_SITE	0.355731225296443	0.677526841910403	0.332042947090369	1.08720589705229	179	7
GOCC_PHOSPHATIDYLINOSITOL_3_KINASE_COMPLEX_CLASS_III	0.445564516129032	0.749204458752815	-0.306413599152899	-1.01406466795218	220	7
GOCC_BRAHMA_COMPLEX	0.744466800804829	0.881861090272568	0.192885238930527	0.804284848016323	369	12
GOCC_INTERCHROMATIN_GRANULE	0.176348547717842	0.480234884410196	-0.459335405211571	-1.28905608396415	84	5
GOCC_HISTONE_METHYLTRANSFERASE_COMPLEX	0.00399201596806387	0.0556281727817126	-0.227871911897855	-2.09681249543051	1	65
GOCC_ESC_E_Z_COMPLEX	0.0903490759753593	0.326756539594679	-0.317634996582365	-1.45060432158661	43	14
GOCC_PRC1_COMPLEX	0.54158215010142	0.79034715684657	-0.193742191030651	-0.914953407673859	266	15
GOCC_EXON_EXON_JUNCTION_COMPLEX	0.135826771653543	0.415657177468201	-0.254978458592628	-1.37444025992467	68	20
GOCC_CILIARY_ROOTLET	0.842942345924453	0.930388717154252	0.159525985536671	0.693817891413701	423	13
GOCC_MICROTUBULE_PLUS_END	0.315151515151515	0.640808080808081	0.207463724339173	1.12568695833329	155	21
GOCC_CD40_RECEPTOR_COMPLEX	0.0360721442885772	0.203715614486444	-0.413515687851971	-1.68415308644024	17	11
GOCC_SPERM_FIBROUS_SHEATH	0.918489065606362	0.960477137176938	0.206699606843056	0.625053027050477	461	6
GOCC_MYELIN_SHEATH_ABAXONAL_REGION	0.372188139059305	0.690775146529947	0.304878048780488	1.05223371358848	181	8
GOCC_RIBONUCLEOPROTEIN_GRANULE	0.00407331975560081	0.0556281727817126	-0.122421368360224	-2.0897236140487	1	212
GOCC_SEH1_ASSOCIATED_COMPLEX	0.906066536203523	0.957406084115966	0.130104482373584	0.6316316339116	462	16
GOCC_SITE_OF_DOUBLE_STRAND_BREAK	0.532	0.785189529571552	-0.101736389111289	-0.934339800232361	265	64
GOCC_CILIARY_TRANSITION_ZONE	0.068	0.28027027027027	-0.166245496397118	-1.52678687783285	33	64
GOCC_ENDOLYSOSOME	0.0770750988142292	0.30529746932909	0.452379054754125	1.4812215719124	38	7
GOCC_MKS_COMPLEX	0.0601941747572816	0.265002316960148	0.332399179767601	1.51553348120677	30	14
GOCC_FILTRATION_DIAPHRAGM	0.857692307692308	0.937434062765214	0.242569129014264	0.686048357707659	445	5
GOCC_CILIARY_BASAL_BODY	0.0297029702970297	0.175343340785691	-0.130530959145368	-1.76642329729381	14	137
GOCC_INNER_DYNEIN_ARM	0.0269709543568465	0.16903029614051	-0.611299705155789	-1.71552115320527	12	5
GOCC_MYOFILAMENT	0.502032520325203	0.770994934102561	0.258713077365927	0.943866749307571	246	9
GOCC_RNA_N6_METHYLADENOSINE_METHYLTRANSFERASE_COMPLEX	0.0526315789473684	0.246201929047481	-0.442192730750837	-1.57557970385438	26	8
GOCC_MICROTUBULE_MINUS_END	0.657676348547718	0.843495601365546	-0.307211730018328	-0.86214375193411	316	5
GOCC_ESCRT_COMPLEX	0.413385826771654	0.732541169169951	0.170155638917711	1.00786844885092	209	25
GOCC_SOMATODENDRITIC_COMPARTMENT	0.0823293172690763	0.313775247762422	0.0535850763781599	1.48817960400245	40	617
GOCC_DERLIN_1_RETROTRANSLOCATION_COMPLEX	0.214723926380368	0.53941908713693	0.356249003666507	1.22953165565587	104	8
GOCC_TOR_COMPLEX	0.0427184466019417	0.220832647688004	0.349191159717475	1.5920944638409	21	14
GOCC_T_CELL_RECEPTOR_COMPLEX	0.037037037037037	0.204149933065596	-0.462856687390403	-1.64920757789777	18	8
GOCC_NUCLEAR_OUTER_MEMBRANE_ENDOPLASMIC_RETICULUM_MEMBRANE_NETWORK	0.149402390438247	0.436008886313146	0.0543749565273223	1.36088952065346	74	496
GOCC_PARASPECKLES	0.210526315789474	0.53941908713693	-0.342997768212976	-1.22213750810893	107	8
GOCC_SARCOLEMMA	0.00203665987780041	0.0384227765180146	0.215046035912178	2.54734345658867	0	108
GOCC_NUCLEAR_INCLUSION_BODY	0.0120240480961924	0.113403978434653	-0.421730569884625	-1.85632790610931	5	13
GOCC_EXTRINSIC_COMPONENT_OF_ENDOPLASMIC_RETICULUM_MEMBRANE	0.502016129032258	0.770994934102561	-0.286283573762652	-0.947445080669944	248	7
GOCC_MCM_COMPLEX	0.00198807157057654	0.0384227765180146	0.607568147391156	2.46522580825821	0	11
GOCC_NLS_DEPENDENT_PROTEIN_NUCLEAR_IMPORT_COMPLEX	0.914110429447853	0.960288223817205	0.187410329985653	0.646814253352917	446	8
GOCC_DNA_POLYMERASE_COMPLEX	0.00396039603960396	0.0556281727817126	0.413413812663972	2.08479931606589	1	18
GOCC_MICROBODY	0.498997995991984	0.769954749296232	0.0769291548147778	0.946639318971979	248	116
GOCC_SPECIFIC_GRANULE	0.859649122807018	0.937519603538047	-0.176705994897959	-0.691683916621952	440	10
GOCC_AZUROPHIL_GRANULE	0.882352941176471	0.951546512187244	-0.180151454762854	-0.671877597888942	449	9
GOCC_CHROMAFFIN_GRANULE	0.288461538461538	0.615437772095916	0.406406885010758	1.14942398958905	149	5
GOCC_GLYCOGEN_GRANULE	0.824110671936759	0.922963604433457	0.210625192134716	0.689648592036835	416	7
GOCC_ZYMOGEN_GRANULE	0.958932238193018	0.977085743815826	-0.120095693779904	-0.548463910701027	466	14
GOCC_ZYMOGEN_GRANULE_MEMBRANE	0.993951612903226	0.997168232719784	-0.143904632866138	-0.476247151391482	492	7
GOCC_LAMELLAR_BODY	0.10838445807771	0.360624651422197	0.412462139327276	1.42354154493908	52	8
GOCC_MHC_PROTEIN_COMPLEX	0.00584795321637427	0.0722634654872848	-0.496779336734694	-1.94455359326056	2	10
GOCC_MHC_CLASS_I_PROTEIN_COMPLEX	0.00584795321637427	0.0722634654872848	-0.496779336734694	-1.94455359326056	2	10
GOCC_CHYLOMICRON	0.809128630705394	0.911764405289946	-0.263973224958164	-0.740801357298436	389	5
GOCC_ACTOMYOSIN	0.00404858299595142	0.0556281727817126	0.222282048344598	2.32489369196887	1	84
GOCC_MITOCHONDRIAL_INTERMEMBRANE_SPACE_PROTEIN_TRANSPORTER_COMPLEX	0.0115384615384615	0.113403978434653	0.693601083751693	1.96168360889864	5	5
GOCC_TIM22_MITOCHONDRIAL_IMPORT_INNER_MEMBRANE_INSERTION_COMPLEX	0.160079051383399	0.459853877033063	0.39755661569641	1.30171684351317	80	7
GOCC_PRESYNAPTIC_MEMBRANE	0.941414141414141	0.972227922566523	0.0542423544253771	0.594163055040565	465	93
GOCC_GPI_ANCHOR_TRANSAMIDASE_COMPLEX	0.15	0.436008886313146	0.472627300980158	1.3367124867162	77	5
GOCC_POLYSOMAL_RIBOSOME	0.00198807157057654	0.0384227765180146	0.417519173848541	2.77872747464612	0	33
GOCC_MHC_CLASS_I_PEPTIDE_LOADING_COMPLEX	0.0176470588235294	0.134558823529412	-0.485620654532572	-1.81112963690525	8	9
GOCC_NEURON_PROJECTION	0.0416666666666667	0.219670294494238	0.0490851710533851	1.65316974897185	20	912
GOCC_COSTAMERE	0.103718199608611	0.356775009931875	0.291623464667411	1.41577447690025	52	16
GOCC_GERM_CELL_NUCLEUS	0.0138067061143984	0.118300025857929	0.202681974528214	1.85225893135599	6	62
GOCC_SYNAPTIC_CLEFT	0.466933867735471	0.766814002828854	-0.241177621708595	-0.982260281564579	232	11
GOCC_H4_H2A_HISTONE_ACETYLTRANSFERASE_COMPLEX	0.709163346613546	0.872463697849749	-0.13500266028199	-0.803099107784269	355	24
GOCC_AXON_INITIAL_SEGMENT	0.59349593495935	0.806907549016055	0.238386253930295	0.869708098514661	291	9
GOCC_TERMINAL_BOUTON	0.661290322580645	0.845084699945936	0.12281056192445	0.825113165411759	327	34
GOCC_VARICOSITY	0.497983870967742	0.769687908674804	-0.289574058682212	-0.958334820898771	246	7
GOCC_DENDRITIC_SHAFT	0.0142276422764228	0.119074177356386	0.241978343935995	1.76464106988713	6	39
GOCC_LYSOSOMAL_LUMEN	0.451485148514851	0.753848377538484	0.194648301779763	0.981589472806702	227	18
GOCC_AXON_HILLOCK	0.0497017892644135	0.234418232870816	0.529991499309319	1.6026774119887	24	6
GOCC_PERIKARYON	0.811133200795229	0.912898989824888	-0.072183885744173	-0.722789137251977	407	76
GOCC_MYELIN_SHEATH	0.00195694716242661	0.0384227765180146	0.200942104026205	3.0357743875164	0	176
GOCC_COMPACT_MYELIN	0.718446601941748	0.877675087819358	0.172852586010481	0.788100264252186	369	14
GOCC_LATERAL_LOOP	0.417495029821074	0.733794492693031	0.330411220911699	0.999153007383862	209	6
GOCC_SCHMIDT_LANTERMAN_INCISURE	0.612326043737575	0.813176095819856	0.214288302783878	0.869481154828484	307	11
GOCC_EXTRACELLULAR_ORGANELLE	0.666666666666667	0.84807627688172	0.0815599404202434	0.827392915408168	333	77
GOCC_RECEPTOR_COMPLEX	0.0418326693227092	0.219670294494238	0.0981785625003634	1.59832993045355	20	209
GOCC_FANCONI_ANAEMIA_NUCLEAR_COMPLEX	0.0446601941747573	0.222415979708307	0.348086124401914	1.58705619022115	22	14
GOCC_LAMININ_COMPLEX	0.867075664621677	0.94223388480214	0.173931760204082	0.6721331117464	423	10
GOCC_CONTRACTILE_FIBER	0.00402414486921529	0.0556281727817126	0.161891016796049	2.16094188453263	1	141
GOCC_APICAL_JUNCTION_COMPLEX	0.804040404040404	0.908267863823419	0.0599737411183194	0.700588083002238	397	104
GOCC_TRNA_METHYLTRANSFERASE_COMPLEX	0.139165009940358	0.418868368734959	0.443523536287323	1.34120104609109	69	6
GOCC_NUCLEAR_REPLICATION_FORK	0.0388548057259714	0.212887109217149	0.22178054062691	1.55213128139474	18	37
GOCC_JUXTAPARANODE_REGION_OF_AXON	0.461538461538462	0.763666713033802	0.335963024942227	0.95019049806028	239	5
GOCC_ORGANELLE_MEMBRANE_CONTACT_SITE	0.967545638945233	0.980657447491668	0.0846203688910191	0.583516083235427	476	36
GOCC_MITOCHONDRIA_ASSOCIATED_ENDOPLASMIC_RETICULUM_MEMBRANE	0.768292682926829	0.894947651087711	-0.151603019767371	-0.752808410278779	377	17
GOCC_CELL_CELL_CONTACT_ZONE	0.676646706586826	0.851625497286033	0.0873876703807043	0.811315803727359	338	65
GOCC_DENDRITE_TERMINUS	0.650294695481336	0.842618096396106	0.176510620198315	0.826512555056635	330	15
GOCC_DENDRITIC_GROWTH_CONE	0.738430583501006	0.881861090272568	0.193828735448892	0.808219000562596	366	12
GOCC_AXONAL_GROWTH_CONE	0.595918367346939	0.808998970508085	0.127257996416875	0.868847343924699	291	35
GOCC_CELL_BODY	0.0422535211267606	0.219670294494238	0.0658971325227439	1.63414345443778	20	487
GOCC_CELL_BODY_MEMBRANE	0.368635437881874	0.68773639802153	-0.216900622108789	-1.05163315538185	180	16
GOCC_CEREBELLAR_MOSSY_FIBER	0.747514910536779	0.882549862117617	0.262246307512485	0.793024480534932	375	6
GOCC_MAIN_AXON	0.523715415019763	0.78026302491283	-0.124668371424005	-0.939966276486755	264	40
GOCC_CALYX_OF_HELD	0.00978473581213307	0.101360333215172	0.371879486361461	1.80540165337445	4	16
GOCC_NEURON_PROJECTION_TERMINUS	0.0369609856262834	0.204149933065596	0.148774263072409	1.71876005968876	17	103
GOCC_NEURON_SPINE	0.709741550695825	0.872463697849749	-0.0630577710419722	-0.778399430662612	356	118
GOCC_ENDOPLASMIC_RETICULUM_QUALITY_CONTROL_COMPARTMENT	0.232604373757455	0.551380834165988	0.294441666123082	1.19470580785048	116	11
GOCC_DENDRITIC_SPINE_NECK	0.114228456913828	0.373282278843401	-0.441664010200829	-1.37121399687758	56	6
GOCC_DENDRITIC_SPINE_HEAD	0.775051124744376	0.897058823529412	0.217957914873266	0.752243945047763	378	8
GOCC_PINOSOME	0.475633528265107	0.767030984719864	-0.272038896859557	-0.969303506692801	243	8
GOCC_RIBOSOMAL_SUBUNIT	0.001953125	0.0384227765180146	0.355288917788478	5.49013509483199	0	184
GOCC_NSL_COMPLEX	0.637274549098196	0.837796282219612	-0.208598783820023	-0.84957426264305	317	11
GOCC_NUCLEAR_PORE_CENTRAL_TRANSPORT_CHANNEL	0.868787276341948	0.94223388480214	0.225693337583679	0.682489463799107	436	6
GOCC_NUCLEAR_PORE_NUCLEAR_BASKET	0.340594059405941	0.668934435394394	-0.253760697390103	-1.08449384418798	171	12
GOCC_MLL1_2_COMPLEX	0.171259842519685	0.471996252727445	-0.197172686128491	-1.31274698160793	86	31
GOCC_MLL3_4_COMPLEX	0.168336673346693	0.471033810740748	-0.326592884115008	-1.33013675164027	83	11
GOCC_AMPHISOME	0.601202404809619	0.810929766727447	-0.196334484429533	-0.864203850524362	299	13
GOCC_AUTOLYSOSOME	0.583162217659138	0.803604561985107	-0.193882433356118	-0.885439887708288	283	14
GOCC_DNA_PACKAGING_COMPLEX	0.57085020242915	0.799764907997649	0.085072746019017	0.889793359612474	281	84
GOCC_PLASMA_MEMBRANE_RAFT	0.0877551020408163	0.322473567740349	0.137169979182336	1.48780306730969	42	91
GOCC_KERATIN_FILAMENT	0.0569105691056911	0.255260640841703	0.418776847792392	1.52782977202193	27	9
GOCC_TYPE_III_INTERMEDIATE_FILAMENT	0.765560165975104	0.894947651087711	-0.277026057853215	-0.77743217971149	368	5
GOCC_INTERMEDIATE_FILAMENT_CYTOSKELETON	0.436399217221135	0.741247057036531	-0.100249485802815	-0.995559484704491	222	75
GOCC_PRONUCLEUS	0.647173489278752	0.842338183058405	0.161337728045683	0.836447363968037	331	19
GOCC_INTERCELLULAR_BRIDGE	0.0221774193548387	0.154758060796162	0.184177927927928	1.81969820889418	10	74
GOCC_APICAL_PART_OF_CELL	0.117043121149897	0.377093154409	-0.0684799509449665	-1.33642730638934	56	279
GOCC_BASAL_PART_OF_CELL	0.172549019607843	0.472701655512504	0.0856260395255769	1.29759672085206	87	178
GOCC_BASAL_CORTEX	0.733466933867735	0.881377952755906	-0.253134629688662	-0.785895475535092	365	6
GOCC_SYNAPSE	0.0612648221343874	0.267231308411215	0.0472125271780076	1.59317474103176	30	909
GOCC_POSTSYNAPTIC_MEMBRANE	0.227642276422764	0.546699955188528	0.0930789947453931	1.21140496324679	111	132
GOCC_TRICARBOXYLIC_ACID_CYCLE_ENZYME_COMPLEX	0.0294117647058824	0.175095042482076	0.340324404468655	1.69498437136804	14	17
GOCC_DIHYDROLIPOYL_DEHYDROGENASE_COMPLEX	0.0224948875255624	0.154758060796162	0.437436224489796	1.69040645832563	10	10
GOCC_OXOGLUTARATE_DEHYDROGENASE_COMPLEX	0.552683896620278	0.793336397058824	0.303899691849963	0.918982987978082	277	6
GOCC_PYRUVATE_DEHYDROGENASE_COMPLEX	0.608695652173913	0.811655548709156	0.273611221806009	0.895883308029471	307	7
GOCC_PROTON_TRANSPORTING_ATP_SYNTHASE_COMPLEX	0.00404858299595142	0.0556281727817126	0.393138662837083	2.08844105743442	1	20
GOCC_PROTON_TRANSPORTING_ATP_SYNTHASE_COMPLEX_CATALYTIC_CORE_F_1	0.0457256461232604	0.222415979708307	0.535995112102858	1.62083214584211	22	6
GOCC_PROTON_TRANSPORTING_ATP_SYNTHASE_COMPLEX_COUPLING_FACTOR_F_O	0.0241448692152917	0.158939246992748	0.409570509753894	1.70781007927737	11	12
GOCC_RESPIRATORY_CHAIN_COMPLEX_IV	0.0161943319838057	0.128782547501759	0.341558959629807	1.81443806538325	7	20
GOCC_MRNA_EDITING_COMPLEX	0.220440881763527	0.541467481076297	-0.29920346734506	-1.21858603628888	109	11
GOCC_CLATHRIN_COATED_ENDOCYTIC_VESICLE	0.817821782178218	0.91816801312033	0.143914415372616	0.725744195162443	412	18
GOCC_PHAGOCYTIC_VESICLE	0.0174757281553398	0.134558823529412	-0.171846414401834	-1.83851415447836	8	85
GOCC_POLE_PLASM	0.737254901960784	0.881814686658977	-0.207572738142686	-0.774145692434869	375	9
GOCC_INTERCELLULAR_CANALICULUS	0.106212424849699	0.358906935526048	-0.448570821379237	-1.39265725678304	52	6
GOCC_ANCHORED_COMPONENT_OF_PLASMA_MEMBRANE	0.0761523046092184	0.304276675621986	-0.221634926051506	-1.51508447058354	37	33
GOCC_LIPOPOLYSACCHARIDE_RECEPTOR_COMPLEX	0.483402489626556	0.769341974077767	-0.34842616941589	-0.97780590915042	232	5
GOCC_PORE_COMPLEX	0.0333333333333333	0.191823899371069	0.337410676163263	1.68047255888794	16	17
GOCC_ACTIVIN_RECEPTOR_COMPLEX	0.0622406639004149	0.267231308411215	-0.537811777830903	-1.5092882812314	29	5
GOCC_SET1C_COMPASS_COMPLEX	0.172344689378758	0.472701655512504	-0.29338232137052	-1.29137849899812	85	13
GOCC_PERINUCLEAR_REGION_OF_CYTOPLASM	0.312	0.637232142857143	0.0436702635157885	1.14225035527118	155	535
GOCC_HOLLIDAY_JUNCTION_RESOLVASE_COMPLEX	0.686538461538462	0.859347048300537	0.28595107179855	0.808743734164968	356	5
GOCC_SIGNAL_RECOGNITION_PARTICLE	0.560483870967742	0.797246667247539	-0.272495417231211	-0.901813677842578	277	7
GOCC_PIGMENT_GRANULE	0.968441814595661	0.980657447491668	-0.103422203478056	-0.571250654840937	490	21
GOCC_PRESYNAPTIC_ACTIVE_ZONE	0.410569105691057	0.732541169169951	0.117424502206067	1.01784682534738	201	56
GOCC_PRESYNAPTIC_ACTIVE_ZONE_MEMBRANE	0.917670682730924	0.960477137176938	-0.106125356125356	-0.642202487815185	456	26
GOCC_SPINDLE_MIDZONE	0.0224489795918367	0.154758060796162	0.242728195999224	1.6572141187789	10	35
GOCC_CELL_TIP	0.511538461538461	0.776215078453884	0.32388238106622	0.916023306526613	265	5
GOCC_RECYCLING_ENDOSOME	0.712273641851107	0.872463697849749	0.0633956685520339	0.798112153823823	353	121
GOCC_RECYCLING_ENDOSOME_MEMBRANE	0.127272727272727	0.397455786534285	0.183534283278529	1.39443419384876	62	42
GOCC_EXCITATORY_SYNAPSE	0.920159680638723	0.961125693817844	0.0955445544554455	0.606324297866058	460	30
GOCC_INHIBITORY_SYNAPSE	0.296296296296296	0.617432052483599	-0.286782525510204	-1.12255874837851	151	10
GOCC_KINOCILIUM	0.264112903225806	0.592312025616698	-0.355064955766319	-1.17507456413825	130	7
GOCC_CILIARY_MEMBRANE	0.719607843137255	0.877921568627451	-0.105649630699571	-0.789216645673184	366	39
GOCC_CELL_POLE	0.903162055335968	0.957406084115966	0.192134716323765	0.629105356539358	456	7
GOCC_MICOS_COMPLEX	0.0914634146341463	0.32819225251076	0.396120632390062	1.44517276604012	44	9
GOCC_MITOTIC_SPINDLE_ASTRAL_MICROTUBULE	0.964426877470356	0.979905368304223	0.164979676416673	0.540191799481796	487	7
GOCC_TRANSFERASE_COMPLEX_TRANSFERRING_PHOSPHORUS_CONTAINING_GROUPS	0.0362903225806452	0.203715614486444	-0.086968627598203	-1.6425143555977	17	260
GOCC_GATOR2_COMPLEX	0.745490981963928	0.881861090272568	-0.188080276575852	-0.766007161515832	371	11
GOCC_INFLAMMASOME_COMPLEX	0.00400801603206413	0.0556281727817126	-0.567226921209222	-2.31018313967445	1	11
GOCC_SPERM_HEAD	0.964912280701754	0.979905368304223	-0.161007492427865	-0.573686810289909	494	8
GOCC_COLLAGEN_CONTAINING_EXTRACELLULAR_MATRIX	0.00195694716242661	0.0384227765180146	0.247709156951413	4.06345177802258	0	212
GOCC_TRANSFORMING_GROWTH_FACTOR_BETA_LIGAND_RECEPTOR_COMPLEX	0.0420841683366733	0.219670294494238	-0.516788864095208	-1.60445068538773	20	6
GOCC_EXTRACELLULAR_EXOSOME	0.392578125	0.71413316973161	0.111924395088273	1.02963138556359	200	63
GOCC_CYTOCHROME_COMPLEX	0.00404858299595142	0.0556281727817126	0.369346209426269	2.35338220931493	1	31
GOCC_TIGHT_JUNCTION	0.9	0.957406084115966	0.0590362858677069	0.640332292241515	440	91
GOCC_ANCHORING_JUNCTION	0.279207920792079	0.608274398868458	0.0485815423953713	1.16037501989139	140	447
GOCC_SHELTERIN_COMPLEX	0.266129032258065	0.594214753123141	-0.353755593255075	-1.17074127650394	131	7
GOCC_EXOCYTIC_VESICLE	0.516194331983806	0.777955178255028	0.064179122731064	0.930261700422346	254	165
GOCC_TRANSCRIPTION_EXPORT_COMPLEX_2	0.20746887966805	0.534743732102157	-0.4448163200255	-1.24831044389298	99	5
GOCC_DNA_DEPENDENT_PROTEIN_KINASE_COMPLEX	0.968879668049793	0.980657447491668	-0.194166865885728	-0.544900255748768	466	5
GOCC_NONHOMOLOGOUS_END_JOINING_COMPLEX	0.604288499025341	0.810929766727447	-0.248027259684362	-0.883747491049318	309	8
GOCC_SAGA_TYPE_COMPLEX	0.869120654396728	0.94223388480214	0.0962215710957423	0.673406738122671	424	37
GOCC_RESPIRASOME	0.002	0.0384227765180146	0.225076394101786	2.35379922422607	0	83
GOCC_ERCC4_ERCC1_COMPLEX	0.603846153846154	0.810929766727447	0.305793290302016	0.864862670127257	313	5
GOCC_BRCA1_A_COMPLEX	0.517786561264822	0.777955178255028	0.289847316945428	0.949045040676886	261	7
GOCC_BRCA1_C_COMPLEX	0.550695825049702	0.793336397058824	0.304138773775369	0.919705964104988	276	6
GOCC_BRISC_COMPLEX	0.534615384615385	0.785189529571552	0.318383934974898	0.900472276079231	277	5
GOCC_RISC_LOADING_COMPLEX	0.223529411764706	0.543323918644698	-0.334174748682521	-1.24630982145279	113	9
GOCC_HAUS_COMPLEX	0.110429447852761	0.364775973954065	0.409074605451937	1.41185005923254	53	8
GOCC_PRE_SNORNP_COMPLEX	0.786561264822134	0.901422187106491	0.224834621821949	0.736174428182679	397	7
GOCC_GAMMA_SECRETASE_COMPLEX	0.0434782608695652	0.222415979708307	0.489678807683111	1.60335189179524	21	7
GOCC_H3_HISTONE_ACETYLTRANSFERASE_COMPLEX	0.533333333333333	0.785189529571552	-0.243771312165095	-0.909148826287972	271	9
GOCC_TERTIARY_GRANULE	1	1	-0.154386803729381	-0.433263463632793	481	5
GOCC_SIN3_TYPE_COMPLEX	0.00788954635108481	0.0871428571428571	-0.338922387753474	-1.87203162796184	3	21
GOCC_CORE_MEDIATOR_COMPLEX	0.121031746031746	0.384915865384615	0.23531903919835	1.41457919195521	60	26
GOCC_CELL_BODY_FIBER	0.565384615384615	0.799764907997649	0.312821738783967	0.884740943829562	293	5
GOCC_CRD_MEDIATED_MRNA_STABILITY_COMPLEX	0.0767634854771784	0.30529746932909	-0.514558928998327	-1.44403264032707	36	5
GOCC_CONTRACTILE_RING	0.470347648261759	0.767030984719864	0.256138392857143	0.989808272087811	229	10
GOCC_ENDOPLASMIC_RETICULUM_EXIT_SITE	0.105577689243028	0.358906935526048	-0.239019686086725	-1.42187195599088	52	24
GOCC_TRANSLATION_PREINITIATION_COMPLEX	0.148076923076923	0.436008886313146	0.474938242091003	1.34324842704916	76	5
GOCC_U2_TYPE_CATALYTIC_STEP_2_SPLICEOSOME	0.395209580838323	0.716072804885279	0.159033322687107	1.00922306106448	197	30
GOCC_PRESPLICEOSOME	0.952848722986248	0.974969681524185	0.126533216364941	0.592492915382778	484	15
GOCC_PRECATALYTIC_SPLICEOSOME	0.370445344129555	0.688937987558013	0.125608888888889	1.07444629621575	182	54
GOCC_CATALYTIC_STEP_1_SPLICEOSOME	0.247524752475248	0.570327599536142	-0.279833094137033	-1.19591911242723	124	12
GOCC_CATALYTIC_STEP_2_SPLICEOSOME	0.285163776493256	0.613682092555332	-0.105144173971384	-1.14548700315083	147	88
GOCC_POST_MRNA_RELEASE_SPLICEOSOMAL_COMPLEX	0.350701402805611	0.677526841910403	-0.244717327166893	-1.07717020289201	174	13
GOCC_SMAD_PROTEIN_COMPLEX	0.037037037037037	0.204149933065596	-0.4234375	-1.65747013061859	18	10
GOCC_HETEROMERIC_SMAD_PROTEIN_COMPLEX	0.0350877192982456	0.200657894736842	-0.464909134385462	-1.65652066471211	17	8
GOCC_WASH_COMPLEX	0.49317738791423	0.769341974077767	-0.24094387755102	-0.94313158422728	252	10
GOCC_HISTONE_PRE_MRNA_3_END_PROCESSING_COMPLEX	0.73558648111332	0.881814686658977	0.266735734778451	0.806600365584609	369	6
GOCC_TRANSLOCON_COMPLEX	0.141153081510934	0.423459244532803	0.441159281691637	1.3340516155028	70	6
GOCC_CLATHRIN_COMPLEX	0.37875751503006	0.698715980347792	-0.339815109977686	-1.05500838734861	188	6
GOCC_INTEGRAL_COMPONENT_OF_CYTOPLASMIC_SIDE_OF_ENDOPLASMIC_RETICULUM_MEMBRANE	0.657676348547718	0.843495601365546	-0.306446728823014	-0.859996890547264	316	5
GOCC_EUKARYOTIC_TRANSLATION_INITIATION_FACTOR_3_COMPLEX_EIF3M	0.0552147239263804	0.250410509031199	0.449027578511079	1.54974081712436	26	8
GOCC_NPBAF_COMPLEX	0.679611650485437	0.854182225541449	0.180997949419002	0.825238054335909	349	14
GOCC_NBAF_COMPLEX	0.115308151093439	0.374773511423355	0.31458661743328	1.36821485753714	57	13
GOCC_NEURONAL_RIBONUCLEOPROTEIN_GRANULE	0.419354838709677	0.734586311613061	-0.312983183231051	-1.03580646764779	207	7
GOCC_ENDOPLASMIC_RETICULUM_TUBULAR_NETWORK	0.674603174603175	0.850723140495868	0.137488947833775	0.826490731017904	339	26
GOCC_MMXD_COMPLEX	0.0826923076923077	0.313775247762422	0.538449278826998	1.52287409757906	42	5
GOCC_RAGULATOR_COMPLEX	0.957915831663327	0.977085743815826	-0.17824885771969	-0.553401053713975	477	6
GOCC_PTW_PP1_PHOSPHATASE_COMPLEX	0.237903225806452	0.558157568238213	-0.362966673877649	-1.20122501299225	117	7
GOCC_ER_MEMBRANE_INSERTION_COMPLEX	0.0788461538461538	0.309631891713437	0.547151167423699	1.54748529359143	40	5
GOCC_MSL_COMPLEX	0.728215767634855	0.881377952755906	-0.288118575185274	-0.808561669820753	350	5
GOCC_EMC_COMPLEX	0.192842942345924	0.507315066533124	0.306255571742297	1.24264108087931	96	11
GOCC_IPAF_INFLAMMASOME_COMPLEX	0.00400801603206413	0.0556281727817126	-0.669827861013707	-2.07958384044678	1	6
GOCC_NLRP3_INFLAMMASOME_COMPLEX	0.0282258064516129	0.172177419354839	-0.515069054640267	-1.70460231305071	13	7
GOCC_TRNA_SPLICING_LIGASE_COMPLEX	0.292397660818713	0.615437772095916	-0.318727084329667	-1.1356584815083	149	8
GOCC_MITOTIC_SPINDLE	0.01417004048583	0.119074177356386	0.132209934519143	1.86219779678143	6	159
GOCC_MEIOTIC_SPINDLE	0.333996023856859	0.660056936995736	0.272024236626006	1.10374642166755	167	11
GOCC_CUL4_RING_E3_UBIQUITIN_LIGASE_COMPLEX	0.779527559055118	0.898322061127749	-0.121167320531351	-0.772278871539147	395	29
GOCC_U2AF_COMPLEX	0.952282157676348	0.974969681524185	-0.201370627141605	-0.565116533808232	458	5
GOCC_FLEMMING_BODY	0.514619883040936	0.777955178255028	0.182411353473432	0.945702518678658	263	19
GOCC_RNA_POLYMERASE_II_TRANSCRIPTION_REPRESSOR_COMPLEX	0.837573385518591	0.929843893480257	0.144430929972882	0.701183714979108	427	16
GOCC_RNA_POLYMERASE_II_TRANSCRIPTION_REGULATOR_COMPLEX	0.0646464646464646	0.2731822971549	-0.0894113389762466	-1.52595751982487	31	215
GOCC_RNA_POLYMERASE_III_TRANSCRIPTION_REGULATOR_COMPLEX	0.549019607843137	0.793336397058824	-0.241309065143262	-0.899965838470217	279	9
GOCC_GLYCOPROTEIN_COMPLEX	0.20675944333996	0.534420595073626	0.303204250106905	1.23026025269211	103	11
GOCC_CENTRAL_REGION_OF_GROWTH_CONE	0.340681362725451	0.668934435394394	-0.349829986186378	-1.08610111421153	169	6
GOCC_SITE_OF_DNA_DAMAGE	0.830443159922929	0.926160455052874	-0.0647397284249523	-0.705303153729468	430	88
GOCC_CILIARY_PLASM	0.0179640718562874	0.134730538922156	-0.179042164856062	-1.79892752707897	8	77
GOCC_PERINUCLEAR_ENDOPLASMIC_RETICULUM	0.838383838383838	0.929843893480257	0.127833946951477	0.693620088880164	414	21
GOCC_SYNAPTIC_MEMBRANE	0.124260355029586	0.39227507485782	0.0821793726048561	1.35665504630018	62	214
GOCC_BCL_2_FAMILY_PROTEIN_COMPLEX	0.333333333333333	0.660056936995736	0.30644347017404	1.11800224783611	163	9
GOCC_NUCLEAR_STRESS_GRANULE	0.634854771784232	0.837796282219612	-0.314479241373815	-0.882538935109144	305	5
GOCC_AIM2_INFLAMMASOME_COMPLEX	0.0145228215767635	0.119715150835483	-0.657901027970356	-1.84630079268728	6	5
GOCC_PROTEASE_INHIBITOR_COMPLEX	0.463709677419355	0.765874286712472	-0.297623791686117	-0.984975119659257	229	7
GOCC_TETRASPANIN_ENRICHED_MICRODOMAIN	0.711693548387097	0.872463697849749	-0.238406448895012	-0.788997476302417	352	7
GOCC_ALVEOLAR_LAMELLAR_BODY	0.224652087475149	0.543323918644698	0.398682392944427	1.20560285695586	112	6
GOCC_SPERM_MIDPIECE	0.528225806451613	0.783349453651906	0.163726315178597	0.915456753689065	261	22
GOCC_SPERM_ANNULUS	0.493775933609959	0.769341974077767	-0.344123037692246	-0.965729813849414	237	5
GOCC_SPERM_PRINCIPAL_PIECE	0.517034068136273	0.777955178255028	-0.212202437543319	-0.934049686423844	257	13
GOCC_RIPOPTOSOME	0.215767634854772	0.53941908713693	-0.439652561957128	-1.23381912953177	103	5
GOCC_INO80_TYPE_COMPLEX	0.304259634888438	0.624209789064845	0.185120140496527	1.12295730890903	149	27
GOCC_CIA_COMPLEX	0.248076923076923	0.570327599536142	0.421149095545462	1.19111878136826	128	5
GOCC_GLIAL_CELL_PROJECTION	0.09	0.326756539594679	0.257830146454185	1.47480064808885	44	23
GOCC_LEWY_BODY	0.905138339920949	0.957406084115966	0.190848125334457	0.624892680670384	457	7
GOCC_TUBULAR_ENDOSOME	0.494230769230769	0.769341974077767	0.329588014981273	0.932160317831432	256	5
GOCC_MICROTUBULE_BUNDLE	0.663461538461538	0.845497643025498	0.292947645230696	0.828531856966129	344	5
GOCC_MITOTIC_SPINDLE_POLE	0.57201646090535	0.799764907997649	0.124922204840962	0.891766775045674	277	38
GOCC_APICAL_DENDRITE	0.572277227722772	0.799764907997649	0.180174430972134	0.908599371759694	288	18
GOCC_BASAL_DENDRITE	0.854771784232365	0.937434062765214	-0.237102557972747	-0.665392851085482	411	5
GOCC_SORTING_ENDOSOME	0.186538461538462	0.497756017951856	0.448354450553829	1.26806257549487	96	5
GOCC_DENDRITIC_TREE	0.364541832669323	0.687293079306502	0.0463085422379655	1.07982529279515	182	428
GOCC_ASTROCYTE_PROJECTION	0.410569105691057	0.732541169169951	0.287489482308135	1.04885213337126	201	9
GOCC_RIBBON_SYNAPSE	0.952772073921971	0.974969681524185	-0.124048758259285	-0.566517124229129	463	14
GOCC_GEMINI_OF_COILED_BODIES	0.529644268774704	0.784182048428566	0.287296906488745	0.940694249573785	267	7
GOCC_CARDIAC_MYOFIBRIL	0.0192307692307692	0.141904466501241	0.646043509442983	1.82717846439144	9	5
GOCC_SPERM_PLASMA_MEMBRANE	0.675	0.850723140495868	0.288246075384493	0.815234599047354	350	5
GOCC_SPLICEOSOMAL_TRI_SNRNP_COMPLEX	0.135627530364372	0.415657177468201	0.21504689435954	1.37022533990618	66	31
GOCC_CILIARY_TRANSITION_FIBER	0.760736196319018	0.891259436148402	0.196667729591837	0.759992843834618	371	10
GOCC_CILIARY_TIP	0.477582846003899	0.767030984719864	-0.24655612244898	-0.96509971006423	244	10
GOCC_CILIARY_BASE	0.520161290322581	0.778964943772768	0.13966359706822	0.938341709898234	257	34
GOCC_TRANSCRIPTION_PREINITIATION_COMPLEX	0.296222664015905	0.617432052483599	0.279576438868474	1.13438970663444	148	11
GOCC_LATERAL_PART_OF_CELL	0.572564612326044	0.799764907997649	0.29794920837318	0.900988915486204	287	6
GOCC_PHOSPHATIDYLINOSITOL_3_KINASE_COMPLEX_CLASS_I	0.134502923976608	0.414377695079449	-0.391319942611191	-1.39431455203877	68	8
GOCC_9PLUS2_MOTILE_CILIUM	0.602794411177645	0.810929766727447	-0.0874211145911074	-0.87836432056269	301	77
GOCC_NON_MOTILE_CILIUM	0.0138339920948617	0.118300025857929	-0.164434925503018	-1.83545222279514	6	95
GOCC_9PLUS0_NON_MOTILE_CILIUM	0.0279441117764471	0.172177419354839	-0.169075774750216	-1.69879014591276	13	77
GOCC_ATPASE_DEPENDENT_TRANSMEMBRANE_TRANSPORT_COMPLEX	0.162055335968379	0.463376976284585	0.394880961869086	1.2929559689184	81	7
GOCC_SIDE_OF_MEMBRANE	0.0829875518672199	0.313775247762422	-0.0687580200398613	-1.48345495728424	39	345
GOCC_LUMENAL_SIDE_OF_ENDOPLASMIC_RETICULUM_MEMBRANE	0.257309941520468	0.585668150475692	-0.296619897959184	-1.16106537804158	131	10
GOCC_CYTOPLASMIC_SIDE_OF_ENDOPLASMIC_RETICULUM_MEMBRANE	0.554901960784314	0.793336397058824	-0.239829945529427	-0.894449439313509	282	9
GOCC_CYTOPLASMIC_SIDE_OF_MEMBRANE	0.831013916500994	0.926160455052874	0.0523776638156777	0.710825057463243	417	148
GOCC_INTRINSIC_COMPONENT_OF_SYNAPTIC_VESICLE_MEMBRANE	0.340551181102362	0.668934435394394	-0.169704728474086	-1.08163963374031	172	29
GOCC_INTRINSIC_COMPONENT_OF_MITOCHONDRIAL_MEMBRANE	0.0122199592668024	0.113403978434653	0.199461495312124	1.98028128991536	5	75
GOCC_CYTOPLASMIC_SIDE_OF_LYSOSOMAL_MEMBRANE	0.0245398773006135	0.160385626643295	0.430819515306123	1.66483718145563	11	10
GOCC_LUMENAL_SIDE_OF_MEMBRANE	0.940451745379877	0.972227922566523	-0.129084073820916	-0.589512860192879	457	14
GOCC_BOUNDING_MEMBRANE_OF_ORGANELLE	0.0138067061143984	0.118300025857929	0.0539580219999861	1.83429729640028	6	925
GOCC_PLASMA_MEMBRANE_REGION	0.138832997987928	0.418868368734959	0.0466025987705533	1.37448116351992	68	716
GOCC_PROTEIN_COMPLEX_INVOLVED_IN_CELL_ADHESION	0.0163265306122449	0.128782547501759	0.24718770326247	1.68766117240208	7	35
GOCC_PROTEIN_COMPLEX_INVOLVED_IN_CELL_MATRIX_ADHESION	0.062374245472837	0.267231308411215	0.357345984159889	1.49004642425125	30	12
GOCC_COMPLEX_OF_COLLAGEN_TRIMERS	0.00198807157057654	0.0384227765180146	0.67173517018027	2.9215420785209	0	13
GOCC_PHOTORECEPTOR_RIBBON_SYNAPSE	0.513833992094862	0.777955178255028	0.291224994022475	0.953555959085257	259	7
GOCC_SCHAFFER_COLLATERAL_CA1_SYNAPSE	0.905138339920949	0.957406084115966	-0.0691080714842609	-0.668074801137525	457	71
GOCC_HIPPOCAMPAL_MOSSY_FIBER_TO_CA3_SYNAPSE	0.734	0.881377952755906	0.136791192624899	0.782452099998691	366	23
GOCC_CHROMOSOMAL_REGION	0.00957854406130268	0.101360333215172	0.0933468642623529	1.87871036735371	4	311
GOCC_PARALLEL_FIBER_TO_PURKINJE_CELL_SYNAPSE	0.927855711422846	0.964759063581709	-0.150870097772753	-0.614458769715359	462	11
GOCC_GOLGI_APPARATUS_SUBCOMPARTMENT	0.292585170340681	0.615437772095916	-0.061635090941311	-1.12060037331079	145	242
GOCC_PRESYNAPSE	0.452427184466019	0.754045307443366	0.0468880953591695	0.986389161865264	232	348
GOCC_POSTSYNAPSE	0.398406374501992	0.719017421438506	0.0435483585471195	1.03883535717803	199	448
GOCC_MEMBRANE_PROTEIN_COMPLEX	0.0405679513184584	0.218351032096409	0.0550768969326196	1.71107333814192	19	785
GOCC_PLASMA_MEMBRANE_PROTEIN_COMPLEX	0.0886319845857418	0.324393063583815	0.0765270374077609	1.44573862669819	45	280
GOCC_MITOCHONDRIAL_PROTEIN_CONTAINING_COMPLEX	0.00194174757281553	0.0384227765180146	0.249420431501141	4.65972910459659	0	276
GOCC_OUTER_MITOCHONDRIAL_MEMBRANE_PROTEIN_COMPLEX	0.0178926441351889	0.134730538922156	0.425502812314071	1.85061676965779	8	13
GOCC_INNER_MITOCHONDRIAL_MEMBRANE_PROTEIN_COMPLEX	0.00204081632653061	0.0384227765180146	0.279845398180208	3.67150356178773	0	135
GOCC_PLASMA_MEMBRANE_SIGNALING_RECEPTOR_COMPLEX	0.0294695481335953	0.175095042482076	-0.154505310025182	-1.7473125347018	14	99
GOCC_ENDOPLASMIC_RETICULUM_TUBULAR_NETWORK_MEMBRANE	0.273858921161826	0.603809428585712	-0.407283448880389	-1.14298005710086	131	5
GOCC_PRESYNAPTIC_ACTIVE_ZONE_CYTOPLASMIC_COMPONENT	0.348088531187123	0.677526841910403	0.260006378568011	1.08416378479417	172	12
GOCC_PRESYNAPTIC_ENDOCYTIC_ZONE	0.852941176470588	0.93690417343408	-0.1888667463797	-0.704381410884159	434	9
GOCC_PRESYNAPTIC_ENDOCYTIC_ZONE_MEMBRANE	0.725806451612903	0.881377952755906	-0.236482255291532	-0.782629427518086	359	7
GOCC_POSTSYNAPTIC_RECYCLING_ENDOSOME	0.0181451612903226	0.134982297403619	-0.559109178061916	-1.85035150061161	8	7
GOCC_POSTSYNAPTIC_DENSITY_MEMBRANE	0.637274549098196	0.837796282219612	-0.125294959014311	-0.856509621596675	317	33
GOCC_POSTSYNAPTIC_ENDOSOME	0.0460921843687375	0.222415979708307	-0.390308248715328	-1.58963459198268	22	11
GOCC_LYTIC_VACUOLE_MEMBRANE	0.656441717791411	0.843495601365546	0.0596242896651763	0.848340638210108	320	162
GOCC_MEMBRANE_MICRODOMAIN	0.0332681017612524	0.191823899371069	0.0910505944110165	1.66135840395572	16	265
GOCC_ACTIN_BASED_CELL_PROJECTION	0.160320641282565	0.459853877033063	0.0981285716230998	1.30738886546733	79	142
GOCC_CLUSTER_OF_ACTIN_BASED_CELL_PROJECTIONS	0.58989898989899	0.805881483670755	0.0769091751621872	0.898420718591815	291	104
GOCC_POSTSYNAPTIC_ACTIN_CYTOSKELETON	0.700201207243461	0.866960899360983	0.198758836974433	0.828776332881856	347	12
GOCC_NEUROTRANSMITTER_RECEPTOR_COMPLEX	0.0135922330097087	0.118300025857929	0.397881066302119	1.8140901489008	6	14
GOCC_EXTRINSIC_COMPONENT_OF_PRESYNAPTIC_MEMBRANE	0.916500994035785	0.960477137176938	0.209967059823611	0.634933700784857	460	6
GOCC_INTRINSIC_COMPONENT_OF_PRESYNAPTIC_MEMBRANE	0.578	0.801709318788864	0.105502522531847	0.888537852842002	288	51
GOCC_EXTRINSIC_COMPONENT_OF_POSTSYNAPTIC_MEMBRANE	0.378323108384458	0.698715980347792	0.276753826530612	1.06947351303456	184	10
GOCC_EXTRINSIC_COMPONENT_OF_POSTSYNAPTIC_SPECIALIZATION_MEMBRANE	0.448076923076923	0.750898140321217	0.340999282811379	0.964434340441069	232	5
GOCC_INTRINSIC_COMPONENT_OF_POSTSYNAPTIC_MEMBRANE	0.186991869918699	0.497756017951856	0.147955101387651	1.28248898153377	91	56
GOCC_INTRINSIC_COMPONENT_OF_PRESYNAPTIC_ACTIVE_ZONE_MEMBRANE	0.756862745098039	0.887858220211161	0.153658113161513	0.765293634317236	385	17
GOCC_INTRINSIC_COMPONENT_OF_POSTSYNAPTIC_SPECIALIZATION_MEMBRANE	0.907786885245902	0.957406084115966	0.10022581601697	0.617555774021151	442	28
GOCC_GLUTAMATERGIC_SYNAPSE	0.839622641509434	0.930090456393622	0.0350391327448096	0.72124736026516	444	320
GOCC_GABA_ERGIC_SYNAPSE	0.129224652087475	0.402178764149795	0.17966515048153	1.37552057070564	64	43
GOCC_NEURONAL_DENSE_CORE_VESICLE	0.133064516129032	0.411331190061029	-0.406004850334172	-1.34365829349386	65	7
GOCC_ANCHORED_COMPONENT_OF_SYNAPTIC_VESICLE_MEMBRANE	0.425490196078431	0.741203102633243	-0.268349497365041	-1.00081354281412	216	9
GOCC_VESICLE_TETHERING_COMPLEX	0.391129032258065	0.714014022649559	-0.109567421394315	-1.03297536392589	193	68
GOCC_ANCHORED_COMPONENT_OF_POSTSYNAPTIC_MEMBRANE	0.262845849802372	0.592302967302967	0.361782554737046	1.18458208616522	132	7
GOCC_ANCHORED_COMPONENT_OF_PRESYNAPTIC_MEMBRANE	0.466403162055336	0.766814002828854	0.30136970704437	0.986772721910535	235	7
GOCC_ANCHORED_COMPONENT_OF_POSTSYNAPTIC_SPECIALIZATION_MEMBRANE	0.476923076923077	0.767030984719864	0.333142083034505	0.942212143309014	247	5
GOCC_INTEGRAL_COMPONENT_OF_PRESYNAPTIC_ACTIVE_ZONE_MEMBRANE	0.73305954825462	0.881377952755906	-0.169024834814309	-0.771917951344255	356	14
GOCC_BORC_COMPLEX	0.10838445807771	0.360624651422197	0.413059939422924	1.42560474829906	52	8
GOCC_SUPRAMOLECULAR_COMPLEX	0.00392156862745098	0.0556281727817126	0.0676551778589971	2.29961880093031	1	927
GOCC_SUPRAMOLECULAR_POLYMER	0.00199600798403194	0.0384227765180146	0.0923549756804704	2.5902073118812	0	633
GOCC_SYNAPTONEMAL_STRUCTURE	0.187134502923977	0.497756017951856	0.249230575441396	1.29212342564515	95	19
GOCC_POSTSYNAPTIC_SPECIALIZATION_INTRACELLULAR_COMPONENT	0.898203592814371	0.957406084115966	0.102049398488236	0.64760393973983	449	30
GOCC_POSTSYNAPTIC_DENSITY_INTRACELLULAR_COMPONENT	0.551181102362205	0.793336397058824	0.150358368584883	0.890604958385708	279	25
GOCC_ANCHORED_COMPONENT_OF_SYNAPTIC_MEMBRANE	0.554455445544555	0.793336397058824	-0.212260139265402	-0.907133440155771	279	12
GOCC_INTRINSIC_COMPONENT_OF_POSTSYNAPTIC_DENSITY_MEMBRANE	0.656	0.843495601365546	0.145031625915556	0.829587768673311	327	23
GOCC_INTRINSIC_COMPONENT_OF_SYNAPTIC_MEMBRANE	0.383196721311475	0.704066265060241	0.100068267788795	1.04986634096926	186	86
GOCC_EXTRINSIC_COMPONENT_OF_SYNAPTIC_MEMBRANE	0.294695481335953	0.617039737808688	0.243490974825212	1.1401486636323	149	15
GOCC_SECRETORY_VESICLE	0.401960784313726	0.724004168596572	0.0496891361256545	1.02465044874728	204	330
GOCC_POLYMERIC_CYTOSKELETAL_FIBER	0.0100200400801603	0.101360333215172	0.0770524718115729	1.92543378117895	4	495
GOCC_CYTOSOLIC_REGION	0.792490118577075	0.902240375087609	-0.105041345611727	-0.732394482231255	400	34
GOCC_PRESYNAPTIC_CYTOSOL	0.214566929133858	0.53941908713693	-0.230756342747726	-1.24387295089963	108	20
GOCC_POSTSYNAPTIC_CYTOSOL	0.776209677419355	0.897058823529412	0.133527261120622	0.746602235939504	384	22
GOCC_CYTOPLASMIC_REGION	0.0986193293885602	0.344414833551651	-0.104042936650232	-1.41945632968642	49	138
GOCC_POSTSYNAPTIC_CYTOSKELETON	0.318275154004107	0.642873655438759	-0.246650717703349	-1.12642687636008	154	14
GOCC_POSTSYNAPTIC_SPECIALIZATION	0.64591439688716	0.84189697030164	0.0453432787118969	0.842313146390844	331	273
GOCC_POSTSYNAPTIC_SPECIALIZATION_MEMBRANE	0.721774193548387	0.879391993471071	0.102683453111203	0.766822306605238	357	41
GOCC_CELL_CORTEX_REGION	0.214574898785425	0.53941908713693	0.200966343175718	1.25547604054556	105	29
GOCC_NUCLEOLAR_EXOSOME_RNASE_COMPLEX	0.227642276422764	0.546699955188528	0.342943182321421	1.25116468788734	111	9
GOCC_CHAPERONE_COMPLEX	0.00598802395209581	0.0722634654872848	0.322234642819121	2.04489617089096	2	30
GOCC_MCRD_MEDIATED_MRNA_STABILITY_COMPLEX	0.215767634854772	0.53941908713693	-0.43973224958164	-1.23404276092623	103	5
GOCC_SUMO_LIGASE_COMPLEX	0.785288270377734	0.901422187106491	0.184956476991875	0.750466400259355	394	11
GOCC_B_WICH_COMPLEX	0.436647173489279	0.741247057036531	-0.280188904830225	-0.998342851421584	223	8
GOCC_UBIQUINONE_BIOSYNTHESIS_COMPLEX	0.0815109343936382	0.313775247762422	0.477845074912337	1.44498828564246	40	6
GOCC_PROCENTRIOLE_REPLICATION_COMPLEX	0.424849699398798	0.741203102633243	-0.329747104452237	-1.02375071233257	211	6
GOCC_CENTRIOLAR_SUBDISTAL_APPENDAGE	0.568507157464213	0.799764907997649	0.238488520408163	0.921602996196045	277	10
GOCC_NEURON_PROJECTION_CYTOPLASM	0.739562624254473	0.881861090272568	0.114859157826972	0.764425486443173	371	33
GOCC_SM_LIKE_PROTEIN_FAMILY_COMPLEX	0.109979633401222	0.364606393341008	0.140949328204717	1.39936440882069	53	75
GOCC_CONE_PHOTORECEPTOR_OUTER_SEGMENT	0.546153846153846	0.793336397058824	0.316598932185832	0.895423825615154	283	5
GOCC_PHOTORECEPTOR_DISTAL_CONNECTING_CILIUM	0.636182902584493	0.837796282219612	0.28737647433854	0.869017304540812	319	6
GOCC_BBAF_COMPLEX	0.996078431372549	0.997168232719784	-0.114786767636509	-0.428099000424813	507	9
GOCC_ENDOPLASMIC_RETICULUM_PLASMA_MEMBRANE_CONTACT_SITE	0.699186991869919	0.866960899360983	0.218466852663744	0.797035852051371	343	9
GOCC_GBAF_COMPLEX	0.47117296222664	0.767030984719864	0.22515073635399	0.979236132733109	236	13
GOCC_CHROMOSOME_TELOMERIC_REPEAT_REGION	0.55310621242485	0.793336397058824	-0.223884383176419	-0.91182894871769	275	11
GOCC_NUCLEAR_PROTEIN_CONTAINING_COMPLEX	0.00402414486921529	0.0556281727817126	0.0542742862818657	2.06983775192407	1	1173
GOCC_ENDOPLASMIC_RETICULUM_PROTEIN_CONTAINING_COMPLEX	0.643286573146293	0.840384577804702	0.0679247237380813	0.843314692127898	320	118
GOCC_INTRACELLULAR_PROTEIN_CONTAINING_COMPLEX	0.0866935483870968	0.322457710464201	0.0476530184627135	1.50726320485596	42	811
GOCC_ATAC_COMPLEX	0.704854368932039	0.871542902125426	0.174436090225564	0.795320058408323	362	14
GOCC_ENZYME_ACTIVATOR_COMPLEX	0.767634854771784	0.894947651087711	-0.275256992589051	-0.77246756275441	369	5
GOCC_DISTAL_AXON	0.0816733067729084	0.313775247762422	0.0828477542364786	1.44075223456322	40	238
GOCC_CATALYTIC_COMPLEX	0.0240963855421687	0.158939246992748	0.0409156264932335	1.72546197053262	11	1459
GOCC_H4_HISTONE_ACETYLTRANSFERASE_COMPLEX	0.271317829457364	0.601794788099054	-0.159349716573313	-1.17623386087655	139	38
GOCC_DENDRITIC_FILOPODIUM	0.991983967935872	0.996339550671046	-0.154579747104452	-0.479916651499496	494	6
GOCC_PROTEIN_KINASE_COMPLEX	0.277227722772277	0.607106428069203	-0.0906100863759824	-1.14865967122089	139	123
GOCC_PHOSPHATASE_COMPLEX	0.102459016393443	0.35377358490566	-0.183387835186396	-1.435940013128	49	44
GOCC_PEPTIDASE_INHIBITOR_COMPLEX	0.355691056910569	0.677526841910403	0.300650989770161	1.09686945584545	174	9
GOCC_AXON_CYTOPLASM	0.93186372745491	0.966022589594462	-0.192779725852726	-0.598514373591999	464	6
GOCC_AMPHISOME_MEMBRANE	0.870775347912525	0.942910583834273	0.171076949838012	0.694149806486218	437	11
GOCC_ATPASE_COMPLEX	0.246124031007752	0.569612627266703	-0.109817601644154	-1.19697421922373	126	89
GOCC_INTEGRAL_COMPONENT_OF_LYSOSOMAL_MEMBRANE	0.797270955165692	0.905090476397777	-0.20173760561135	-0.718812533090969	408	8
GOCC_SERINE_TYPE_PEPTIDASE_COMPLEX	0.00197628458498024	0.0384227765180146	0.634380443816962	2.07714744594391	0	7
GOCC_ENDODEOXYRIBONUCLEASE_COMPLEX	0.686538461538462	0.859347048300537	0.28595107179855	0.808743734164968	356	5
GOCC_ENDONUCLEASE_COMPLEX	0.436105476673428	0.741247057036531	0.145821128685804	1.0055377325676	214	36
GOCC_EXORIBONUCLEASE_COMPLEX	0.742	0.881861090272568	0.134463953179037	0.773467016427386	370	24
GOCC_GTPASE_COMPLEX	0.941176470588235	0.972227922566523	0.0984628757439486	0.597285663657664	463	27
GOCC_PEPTIDASE_COMPLEX	0.224448897795591	0.543323918644698	0.0964027345432342	1.19688145829051	111	118
GOCC_ENDOPEPTIDASE_COMPLEX	0.0698151950718686	0.285182604869463	0.144307057974365	1.50932035588093	33	85
GOCC_MITOTIC_SPINDLE_MIDZONE	0.211650485436893	0.53941908713693	0.267088174982912	1.21775592799002	108	14
GOCC_RPAP3_R2TP_PREFOLDIN_LIKE_COMPLEX	0.321063394683027	0.64384090616553	0.290672831632653	1.12326141353457	156	10
GOCC_TRAPPII_PROTEIN_COMPLEX	0.842535787321063	0.930388717154252	0.179304846938776	0.692896596819142	411	10
GOCC_TRAPPIII_PROTEIN_COMPLEX	0.924453280318091	0.962314848112689	0.15202249715524	0.616835798637876	464	11
GOCC_SPERMATOPROTEASOME_COMPLEX	0.0684647302904564	0.280920305900303	-0.531516455494462	-1.49162140106882	32	5
GOCC_MESSENGER_RIBONUCLEOPROTEIN_COMPLEX	0.698151950718686	0.866960899360983	-0.173627249943039	-0.792936678333745	339	14
GOCC_GATOR1_COMPLEX	0.290258449304175	0.615437772095916	0.37588991605568	1.13667913285751	145	6
GOCC_OXIDOREDUCTASE_COMPLEX	0.00202020202020202	0.0384227765180146	0.265225517454433	3.0982532250255	0	104
GOCC_IRON_SULFUR_CLUSTER_ASSEMBLY_COMPLEX	0.00795228628230616	0.0871428571428571	0.476136635428671	1.93193854377672	3	11
GOCC_TRANSFERASE_COMPLEX	0.001953125	0.0384227765180146	-0.076007949987061	-2.41074701063461	0	757
GOCC_UNIPLEX_COMPLEX	0.612326043737575	0.813176095819856	0.292078418871533	0.883235835036627	307	6
GOCC_ATG1_ULK1_KINASE_COMPLEX	0.82520325203252	0.92305742739579	0.191010141269209	0.696865125490143	405	9
GOCC_TRANSPORTER_COMPLEX	0.021484375	0.154758060796162	0.109225724162679	1.67749238605755	10	182
GOCC_DNA_REPAIR_COMPLEX	0.770961145194274	0.895215035346143	-0.143308210694267	-0.752648039270179	376	19
GOCC_3M_COMPLEX	0.815384615384615	0.916556416556417	0.256881026376604	0.726526112321422	423	5
GOCC_L_TYPE_VOLTAGE_GATED_CALCIUM_CHANNEL_COMPLEX	0.00192307692307692	0.0384227765180146	0.911467049167264	2.57786501821951	0	5
GOCC_OMEGASOME	0.0176470588235294	0.134558823529412	-0.489774589256455	-1.82662179980643	8	9
GOCC_MITOTIC_SPINDLE_MICROTUBULE	0.256461232604374	0.585192089359107	0.270141627768611	1.17491262587059	128	13
GOCC_PHOSPHOLIPID_TRANSLOCATING_ATPASE_COMPLEX	0.124756335282651	0.39227507485782	-0.397018970189702	-1.41462079309606	63	8
GOCC_PROXIMAL_DENDRITE	0.923976608187134	0.962314848112689	-0.158976403061224	-0.622284610000675	473	10
GOCC_LSM1_7_PAT1_COMPLEX	0.328846153846154	0.656974302989587	0.385783727787075	1.09109635654873	170	5
GOCC_EARP_COMPLEX	0.292307692307692	0.615437772095916	0.402358753685553	1.13797482514373	151	5
GOCC_MICROTUBULE_END	0.36105476673428	0.683985738223325	0.172371381519621	1.04562206038211	177	27
GOCC_RIBONUCLEOPROTEIN_COMPLEX	0.00198807157057654	0.0384227765180146	0.11501410532347	3.26733614955182	0	647
GOCC_BETA_CATENIN_TCF_COMPLEX	0.365805168986084	0.687293079306502	0.243355639655775	1.05841375122418	183	13
GOCC_WNT_SIGNALOSOME	0.468627450980392	0.766814002828854	-0.257021389663877	-0.958565192386392	238	9
