pathway	pval	padj	ES	NES	nMoreExtreme	size
DESCARTES_ORGANOGENESIS_NOTOCHORD_CELLS	0.57429718875502	0.635156756756757	0.159206975597017	0.903407197269618	285	22
DESCARTES_ORGANOGENESIS_ENDOTHELIAL_CELLS	0.00199203187250996	0.00437242798353909	-0.167980822110057	-3.11293966643094	0	249
DESCARTES_ORGANOGENESIS_HEPATOCYTES	0.274	0.345037037037037	0.063245662344673	1.17035071578314	136	261
DESCARTES_ORGANOGENESIS_PREMATURE_OLIGODENDROCYTE	0.753968253968254	0.79694053787318	0.147060909026448	0.761721873513719	379	18
DESCARTES_ORGANOGENESIS_CARDIAC_MUSCLE_LINEAGES	0.00204498977505112	0.00437242798353909	0.439750896345053	4.95444077216988	0	96
DESCARTES_ORGANOGENESIS_EXCITATORY_NEURONS	0.0782778864970646	0.112455555249304	-0.456364071092692	-1.51483614326228	39	7
DESCARTES_ORGANOGENESIS_NEURAL_PROGENITOR_CELLS	0.864705882352941	0.895431472081218	-0.12905696505505	-0.688137634480496	440	20
DESCARTES_ORGANOGENESIS_PRIMITIVE_ERYTHROID_LINEAGE	0.00198019801980198	0.00437242798353909	0.1876636503275	4.27168232487296	0	414
DESCARTES_ORGANOGENESIS_WHITE_BLOOD_CELLS	0.00202429149797571	0.00437242798353909	-0.113783555472123	-2.58444467156561	0	378
DESCARTES_ORGANOGENESIS_EPENDYMAL_CELL	0.0770750988142292	0.111512908922715	-0.144656886323553	-1.52594009706264	38	80
DESCARTES_ORGANOGENESIS_EPITHELIAL_CELLS	0.00602409638554217	0.011931220025734	0.217483936093802	2.0638400543165	2	66
DESCARTES_ORGANOGENESIS_MYOCYTES	0.548133595284872	0.611034171792972	0.119896809824867	0.915643046898961	278	44
DESCARTES_ORGANOGENESIS_CHONDROCYTE_PROGENITORS	0.0176817288801572	0.0300589390962672	0.247646257340052	1.87487597312462	8	43
DESCARTES_ORGANOGENESIS_GRANULE_NEURONS	0.763888888888889	0.803264604810997	0.145305963270226	0.752631894550621	384	18
DESCARTES_ORGANOGENESIS_POSTMITOTIC_PREMATURE_NEURONS	0.408284023668639	0.487075677359078	-0.362690254203522	-1.02093136617762	206	5
DESCARTES_ORGANOGENESIS_SENSORY_NEURONS	0.640077821011673	0.690877648076092	0.106509225400092	0.844054235477363	328	46
DESCARTES_ORGANOGENESIS_ISTHMIC_ORGANIZER_CELLS	0.953033268101761	0.967257645237608	-0.174008584863769	-0.577596945698255	486	7
DESCARTES_ORGANOGENESIS_STROMAL_CELLS	0.0159045725646123	0.0274835385055826	-0.10648416908551	-1.74679635506695	7	194
DESCARTES_ORGANOGENESIS_OSTEOBLASTS	0.185185185185185	0.243727598566308	0.268123454820959	1.26049919964378	89	15
DESCARTES_ORGANOGENESIS_DEFINITIVE_ERYTHROID_LINEAGE	0.899795501022495	0.922403428183864	0.0949778390033541	0.639263945669925	439	32
DESCARTES_ORGANOGENESIS_OLIGODENDROCYTE_PROGENITORS	0.270103092783505	0.342242428123199	0.374535118478376	1.17477912365632	130	6
DESCARTES_ORGANOGENESIS_SCHWANN_CELL_PRECURSOR	0.320486815415822	0.393851267137516	-0.137785725305917	-1.08313297672515	157	43
DESCARTES_ORGANOGENESIS_MEGAKARYOCYTES	0.168724279835391	0.226445743989604	0.115222758040236	1.30419925301212	81	97
DESCARTES_ORGANOGENESIS_CHOLINERGIC_NEURONS	0.120582120582121	0.167338453052739	0.222565634907963	1.40186790008054	57	28
DESCARTES_ORGANOGENESIS_NEURAL_TUBE	0.680808080808081	0.73097288676236	0.229615016738403	0.825745190543237	336	8
DESCARTES_ORGANOGENESIS_INTERMEDIATE_MESODERM	0.0583333333333333	0.0894736842105263	0.352861077205228	1.54551279376391	27	13
DESCARTES_ORGANOGENESIS_RADIAL_GLIA	0.536082474226804	0.600883652430044	0.295000531293168	0.925308331669157	259	6
DESCARTES_ORGANOGENESIS_INHIBITORY_INTERNEURONS	0.585858585858586	0.639118457300275	0.304438600685314	0.876872744661457	289	5
DESCARTES_ORGANOGENESIS_MELANOCYTES	0.993814432989691	0.996078431372549	0.0904960846471983	0.47613003640015	481	19
DESCARTES_ORGANOGENESIS_CHONDROCYTES_AND_OSTEOBLASTS	0.00208333333333333	0.00438144329896907	0.51858212754473	2.27136220034702	0	13
DESCARTES_ORGANOGENESIS_CONNECTIVE_TISSUE_PROGENITOR	0.0082135523613963	0.0155144877937486	0.334631654561418	2.00254496519257	3	25
DESCARTES_ORGANOGENESIS_INHIBITORY_NEURONS	0.745562130177515	0.792159763313609	-0.223975769169456	-0.778932352212889	377	8
DESCARTES_ORGANOGENESIS_NUETROPHILS	0.0156862745098039	0.0274835385055826	-0.43546201068325	-1.78581556738583	7	11
DESCARTES_ORGANOGENESIS_LIMB_MESENCHYME	0.919847328244275	0.93824427480916	-0.144700473077128	-0.624410477562788	481	12
TABULA_MURIS_SENIS_AORTA_AORTIC_ENDOTHELIAL_CELL_AGEING	0.00196463654223969	0.00437242798353909	0.163550521079451	3.10599031360281	0	277
TABULA_MURIS_SENIS_AORTA_FIBROBLAST_OF_CARDIAC_TISSUE_AGEING	0.00200803212851406	0.00437242798353909	0.121491702579383	3.43391803508284	0	629
TABULA_MURIS_SENIS_AORTA_PROFESSIONAL_ANTIGEN_PRESENTING_CELL_AGEING	0.00204498977505112	0.00437242798353909	0.23544944346337	2.65268435419927	0	96
TABULA_MURIS_SENIS_BROWN_ADIPOSE_TISSUE_B_CELL_AGEING	0.00202839756592292	0.00437242798353909	0.132998796918701	2.45928576414728	0	263
TABULA_MURIS_SENIS_BROWN_ADIPOSE_TISSUE_T_CELL_AGEING	0.00806451612903226	0.0155144877937486	0.193340147506814	1.98477206119023	3	80
TABULA_MURIS_SENIS_BROWN_ADIPOSE_TISSUE_ENDOTHELIAL_CELL_AGEING	0.00201207243460765	0.00437242798353909	0.151177694652086	2.39238646833761	0	195
TABULA_MURIS_SENIS_BROWN_ADIPOSE_TISSUE_MESENCHYMAL_STEM_CELL_OF_ADIPOSE_AGEING	0.00197628458498024	0.00437242798353909	0.103177825074938	3.55861481571532	0	978
TABULA_MURIS_SENIS_BROWN_ADIPOSE_TISSUE_MYELOID_CELL_AGEING	0.401606425702811	0.484779354102802	0.0655322267450291	1.04673210457583	199	197
TABULA_MURIS_SENIS_BLADDER_BLADDER_CELL_AGEING	0.00199600798403194	0.00437242798353909	0.19141948384876	3.70725995983806	0	288
TABULA_MURIS_SENIS_BLADDER_BLADDER_UROTHELIAL_CELL_AGEING	0.00193050193050193	0.00437242798353909	0.323195010241893	4.44426654387548	0	140
TABULA_MURIS_SENIS_BLADDER_ENDOTHELIAL_CELL_AGEING	0.00197628458498024	0.00437242798353909	0.121037542198221	2.69206089326707	0	397
TABULA_MURIS_SENIS_BLADDER_LEUKOCYTE_AGEING	0.284023668639053	0.355465204922496	-0.328032839151921	-1.14081711584774	143	8
TABULA_MURIS_SENIS_BRAIN_MYELOID_MACROPHAGE_AGEING	0.037328094302554	0.0604359622041351	0.228561533308976	1.7146146740461	18	42
TABULA_MURIS_SENIS_BRAIN_MYELOID_MICROGLIAL_CELL_AGEING	0.00196850393700787	0.00437242798353909	0.267440283376619	5.15555438717629	0	283
TABULA_MURIS_SENIS_BRAIN_NON_MYELOID_ASTROCYTE_AGEING	0.00196078431372549	0.00437242798353909	0.123167591135075	2.81197843174786	0	413
TABULA_MURIS_SENIS_BRAIN_NON_MYELOID_BRAIN_PERICYTE_AGEING	0.00202839756592292	0.00437242798353909	0.246739226857668	7.30522008523042	0	708
TABULA_MURIS_SENIS_BRAIN_NON_MYELOID_ENDOTHELIAL_CELL_AGEING	0.00199203187250996	0.00437242798353909	0.252303047750362	5.30901619431458	0	346
TABULA_MURIS_SENIS_BRAIN_NON_MYELOID_INTERNEURON_AGEING	0.449019607843137	0.529479768786127	0.135183114093483	0.964449855809704	228	36
TABULA_MURIS_SENIS_BRAIN_NON_MYELOID_NEURON_AGEING	0.00204918032786885	0.00437242798353909	0.113509172070605	3.53073082365897	0	761
TABULA_MURIS_SENIS_BRAIN_NON_MYELOID_OLIGODENDROCYTE_AGEING	0.00199600798403194	0.00437242798353909	0.221641030892096	7.77373718149497	0	1038
TABULA_MURIS_SENIS_BRAIN_NON_MYELOID_OLIGODENDROCYTE_PRECURSOR_CELL_AGEING	0.00197628458498024	0.00437242798353909	0.193507392834558	4.25696617122004	0	377
TABULA_MURIS_SENIS_DIAPHRAGM_B_CELL_AGEING	0.996078431372549	0.996078431372549	-0.111826226870475	-0.458595725661529	507	11
TABULA_MURIS_SENIS_DIAPHRAGM_ENDOTHELIAL_CELL_AGEING	0.10515873015873	0.146934116112198	0.278087995461958	1.44039439377368	52	18
TABULA_MURIS_SENIS_DIAPHRAGM_MACROPHAGE_AGEING	0.178714859437751	0.238286479250335	0.252588807717392	1.26524570231155	88	17
TABULA_MURIS_SENIS_DIAPHRAGM_MESENCHYMAL_STEM_CELL_AGEING	0.00200400801603206	0.00437242798353909	0.272459454127184	5.71796113036982	0	342
TABULA_MURIS_SENIS_DIAPHRAGM_SKELETAL_MUSCLE_SATELLITE_CELL_AGEING	0.00204498977505112	0.00437242798353909	0.366577806616739	6.24919725223094	0	225
TABULA_MURIS_SENIS_GONADAL_ADIPOSE_TISSUE_B_CELL_AGEING	0.00201612903225806	0.00437242798353909	0.285122868880809	2.88707679910894	0	76
TABULA_MURIS_SENIS_GONADAL_ADIPOSE_TISSUE_T_CELL_AGEING	0.23125	0.29484375	0.275913465372041	1.20848633712074	110	13
TABULA_MURIS_SENIS_GONADAL_ADIPOSE_TISSUE_ENDOTHELIAL_CELL_AGEING	0.001953125	0.00437242798353909	0.0840865785543063	2.95543398868899	0	1006
TABULA_MURIS_SENIS_GONADAL_ADIPOSE_TISSUE_MESENCHYMAL_STEM_CELL_OF_ADIPOSE_AGEING	0.00200803212851406	0.00437242798353909	0.15222416169235	4.30387123117734	0	632
TABULA_MURIS_SENIS_GONADAL_ADIPOSE_TISSUE_MYELOID_CELL_AGEING	0.00202020202020202	0.00437242798353909	0.242156717705945	4.48450348164641	0	264
TABULA_MURIS_SENIS_HEART_T_CELL_AGEING	0.0615079365079365	0.0936389481165601	0.391645408163265	1.5525383868905	30	10
TABULA_MURIS_SENIS_HEART_ATRIAL_MYOCYTE_AGEING	0.012	0.0218384242078219	0.177352308427677	2.09370588172139	5	103
TABULA_MURIS_SENIS_HEART_ENDOCARDIAL_CELL_AGEING	0.0377733598409543	0.0606753181697218	0.20210632229863	1.63043892858998	18	48
TABULA_MURIS_SENIS_HEART_ENDOTHELIAL_CELL_OF_CORONARY_ARTERY_AGEING	0.00202020202020202	0.00437242798353909	0.2766530739079	3.49270463456506	0	118
TABULA_MURIS_SENIS_HEART_FIBROBLAST_OF_CARDIAC_TISSUE_AGEING	0.00199600798403194	0.00437242798353909	0.228410284044845	3.69163453815298	0	201
TABULA_MURIS_SENIS_HEART_MONOCYTE_AGEING	0.00199600798403194	0.00437242798353909	0.318164382016134	3.92177968319118	0	114
TABULA_MURIS_SENIS_HEART_VALVE_CELL_AGEING	0.0081799591002045	0.0155144877937486	0.188752603765061	2.26714623162337	3	111
TABULA_MURIS_SENIS_HEART_VENTRICULAR_MYOCYTE_AGEING	0.00201612903225806	0.00437242798353909	0.264069115121964	3.03009466216878	0	98
TABULA_MURIS_SENIS_HEART_AND_AORTA_CARDIOMYOCYTE_AGEING	0.00203252032520325	0.00437242798353909	0.333558850787766	3.9141160586997	0	104
TABULA_MURIS_SENIS_HEART_AND_AORTA_ENDOCARDIAL_CELL_AGEING	0.00203252032520325	0.00437242798353909	0.498350873895884	3.43743539530434	0	34
TABULA_MURIS_SENIS_HEART_AND_AORTA_ENDOTHELIAL_CELL_OF_CORONARY_ARTERY_AGEING	0.00803212851405622	0.0155144877937486	0.110106734457072	1.90766821709582	3	229
TABULA_MURIS_SENIS_HEART_AND_AORTA_FIBROBLAST_OF_CARDIAC_TISSUE_AGEING	0.00202020202020202	0.00437242798353909	0.237279539142963	4.42672164812994	0	268
TABULA_MURIS_SENIS_HEART_AND_AORTA_LEUKOCYTE_AGEING	0.00202429149797571	0.00437242798353909	0.305179568848553	3.63860243554462	0	107
TABULA_MURIS_SENIS_HEART_AND_AORTA_SMOOTH_MUSCLE_CELL_AGEING	0.0744466800804829	0.109259875801572	0.183562219577105	1.51992912061188	36	51
TABULA_MURIS_SENIS_KIDNEY_T_CELL_AGEING	0.470238095238095	0.548163265306122	0.129395185105052	0.967734598422256	236	41
TABULA_MURIS_SENIS_KIDNEY_BRUSH_CELL_AGEING	0.00196463654223969	0.00437242798353909	0.386345469079282	2.95049170182334	0	44
TABULA_MURIS_SENIS_KIDNEY_EPITHELIAL_CELL_OF_PROXIMAL_TUBULE_AGEING	0.00194931773879142	0.00437242798353909	0.271839932960248	5.73019671939759	0	340
TABULA_MURIS_SENIS_KIDNEY_FENESTRATED_CELL_AGEING	0.0120967741935484	0.0218384242078219	0.201503892406312	1.92395278925162	5	67
TABULA_MURIS_SENIS_KIDNEY_FIBROBLAST_AGEING	0.00203252032520325	0.00437242798353909	0.551804172148092	3.80613598164321	0	34
TABULA_MURIS_SENIS_KIDNEY_KIDNEY_COLLECTING_DUCT_EPITHELIAL_CELL_AGEING	0.150602409638554	0.203462858054736	0.259687794715876	1.30080532536756	74	17
TABULA_MURIS_SENIS_KIDNEY_KIDNEY_COLLECTING_DUCT_PRINCIPAL_CELL_AGEING	0.0331384015594542	0.0540818713450292	0.0779606815708107	1.64335694507542	16	340
TABULA_MURIS_SENIS_KIDNEY_KIDNEY_CORTEX_ARTERY_CELL_AGEING	0.148221343873518	0.201581027667984	-0.227123689771107	-1.31134447667845	74	23
TABULA_MURIS_SENIS_KIDNEY_KIDNEY_DISTAL_CONVOLUTED_TUBULE_EPITHELIAL_CELL_AGEING	0.00201612903225806	0.00437242798353909	0.257330292425255	2.95276918367362	0	98
TABULA_MURIS_SENIS_KIDNEY_KIDNEY_LOOP_OF_HENLE_THICK_ASCENDING_LIMB_EPITHELIAL_CELL_AGEING	0.0019723865877712	0.00437242798353909	0.148428034945979	2.30829954758975	0	182
TABULA_MURIS_SENIS_KIDNEY_KIDNEY_MESANGIAL_CELL_AGEING	0.14484126984127	0.198306168104826	-0.27758775201873	-1.36465501270258	72	17
TABULA_MURIS_SENIS_KIDNEY_KIDNEY_PROXIMAL_CONVOLUTED_TUBULE_EPITHELIAL_CELL_AGEING	0.0019723865877712	0.00437242798353909	0.203966462431474	2.89825048465669	0	150
TABULA_MURIS_SENIS_KIDNEY_MACROPHAGE_AGEING	0.00204081632653061	0.00437242798353909	0.226271302209624	2.50627812082811	0	94
TABULA_MURIS_SENIS_KIDNEY_PODOCYTE_AGEING	0.00389105058365759	0.00809973794965457	0.149850230414747	2.16831031293079	1	154
TABULA_MURIS_SENIS_LARGE_INTESTINE_BRUSH_CELL_OF_EPITHELIUM_PROPER_OF_LARGE_INTESTINE_AGEING	0.498969072164948	0.573033707865168	0.176213969306993	0.927120371532572	241	19
TABULA_MURIS_SENIS_LARGE_INTESTINE_ENTEROCYTE_OF_EPITHELIUM_OF_LARGE_INTESTINE_AGEING	0.00196078431372549	0.00437242798353909	0.262394650571224	9.35435986888869	0	1076
TABULA_MURIS_SENIS_LARGE_INTESTINE_INTESTINAL_CRYPT_STEM_CELL_AGEING	0.001953125	0.00437242798353909	0.319916067006894	6.72335846049643	0	338
TABULA_MURIS_SENIS_LARGE_INTESTINE_LARGE_INTESTINE_GOBLET_CELL_AGEING	0.00202839756592292	0.00437242798353909	0.309400409343794	9.38363970809289	0	731
TABULA_MURIS_SENIS_LARGE_INTESTINE_SECRETORY_CELL_AGEING	0.00201612903225806	0.00437242798353909	0.239666064400651	6.92183997951188	0	673
TABULA_MURIS_SENIS_LIMB_MUSCLE_B_CELL_AGEING	0.0763052208835341	0.11118760757315	0.0938101177345714	1.51695988052808	37	202
TABULA_MURIS_SENIS_LIMB_MUSCLE_SCHWANN_CELL_AGEING	0.851190476190476	0.889827497730233	0.176419005102041	0.699350156771836	428	10
TABULA_MURIS_SENIS_LIMB_MUSCLE_T_CELL_AGEING	0.448207171314741	0.529479768786127	0.0614662221163769	1.00480242665721	224	204
TABULA_MURIS_SENIS_LIMB_MUSCLE_ENDOTHELIAL_CELL_AGEING	0.0397614314115308	0.0628785426973045	-0.125936210520852	-1.62977477272401	19	124
TABULA_MURIS_SENIS_LIMB_MUSCLE_MACROPHAGE_AGEING	0.00200400801603206	0.00437242798353909	0.339936321401458	3.74930661076474	0	91
TABULA_MURIS_SENIS_LIMB_MUSCLE_MESENCHYMAL_STEM_CELL_AGEING	0.016	0.0274835385055826	-0.125835740088145	-1.75503555800274	7	146
TABULA_MURIS_SENIS_LIMB_MUSCLE_SKELETAL_MUSCLE_SATELLITE_CELL_AGEING	0.0738522954091816	0.109259875801572	0.124395533777813	1.47882912362893	36	105
TABULA_MURIS_SENIS_LIMB_MUSCLE_SMOOTH_MUSCLE_CELL_AGEING	0.217821782178218	0.281238250407319	-0.113955397716424	-1.23023905920811	109	84
TABULA_MURIS_SENIS_LIVER_NK_CELL_AGEING	0.0223123732251521	0.0367074527252503	0.0961488892110901	1.71153006688881	10	242
TABULA_MURIS_SENIS_LIVER_ENDOTHELIAL_CELL_OF_HEPATIC_SINUSOID_AGEING	0.529880478087649	0.597213356518677	0.0431934654160995	0.936791071403871	265	372
TABULA_MURIS_SENIS_LIVER_HEPATOCYTE_AGEING	0.00197628458498024	0.00437242798353909	0.259143910037441	2.79444890051865	0	87
TABULA_MURIS_SENIS_LIVER_MATURE_NK_T_CELL_AGEING	0.0199600798403194	0.0333758712084029	0.155189363077547	1.84490988403502	9	105
TABULA_MURIS_SENIS_LIVER_MYELOID_LEUKOCYTE_AGEING	0.227897838899804	0.292397227267672	-0.187605478697777	-1.20656965933201	115	29
TABULA_MURIS_SENIS_LUNG_B_CELL_AGEING	0.579365079365079	0.635432667690732	-0.0928357890241298	-0.890996766417899	291	66
TABULA_MURIS_SENIS_LUNG_CD4_POSITIVE_ALPHA_BETA_T_CELL_AGEING	0.379032258064516	0.463009464941086	0.0916843616059141	1.05204387335536	187	98
TABULA_MURIS_SENIS_LUNG_CD8_POSITIVE_ALPHA_BETA_T_CELL_AGEING	0.603174603174603	0.65450861195542	0.170442459051266	0.882829775052364	303	18
TABULA_MURIS_SENIS_LUNG_NK_CELL_AGEING	0.00196850393700787	0.00437242798353909	0.406596317718222	3.62648395070071	0	58
TABULA_MURIS_SENIS_LUNG_T_CELL_AGEING	0.309664694280079	0.385192668494732	-0.387791855924775	-1.09158948902904	156	5
TABULA_MURIS_SENIS_LUNG_ADVENTITIAL_CELL_AGEING	0.00199600798403194	0.00437242798353909	0.222345731071027	3.59361744006028	0	201
TABULA_MURIS_SENIS_LUNG_ALVEOLAR_MACROPHAGE_AGEING	0.0100200400801603	0.0184152087959703	0.164313705135858	2.12119827913876	4	124
TABULA_MURIS_SENIS_LUNG_BRONCHIAL_SMOOTH_MUSCLE_CELL_AGEING	0.576	0.635156756756757	0.0667306945326045	0.897176178827266	287	136
TABULA_MURIS_SENIS_LUNG_CLASSICAL_MONOCYTE_AGEING	0.00198019801980198	0.00437242798353909	0.278972354780319	6.21698384894462	0	400
TABULA_MURIS_SENIS_LUNG_ENDOTHELIAL_CELL_OF_LYMPHATIC_VESSEL_AGEING	0.975257731958763	0.984913749106869	0.176362766974817	0.553185233133862	472	6
TABULA_MURIS_SENIS_LUNG_FIBROBLAST_OF_LUNG_AGEING	0.002	0.00437242798353909	0.135901975560993	2.1350149013716	0	188
TABULA_MURIS_SENIS_LUNG_INTERMEDIATE_MONOCYTE_AGEING	0.00198412698412698	0.00437242798353909	0.222180066533793	4.75648457889995	0	361
TABULA_MURIS_SENIS_LUNG_MATURE_NK_T_CELL_AGEING	0.892857142857143	0.91991341991342	0.165704719387755	0.656877196505169	449	10
TABULA_MURIS_SENIS_LUNG_NEUTROPHIL_AGEING	0.494117647058824	0.572727272727273	-0.238807592789894	-0.979342184511096	251	11
TABULA_MURIS_SENIS_LUNG_NON_CLASSICAL_MONOCYTE_AGEING	0.745173745173745	0.792159763313609	-0.132508645916467	-0.787386296429953	385	24
TABULA_MURIS_SENIS_LUNG_PULMONARY_INTERSTITIAL_FIBROBLAST_AGEING	0.854932301740812	0.889827497730233	-0.132534167488926	-0.685961825196846	441	19
TABULA_MURIS_SENIS_LUNG_SMOOTH_MUSCLE_CELL_OF_THE_PULMONARY_ARTERY_AGEING	0.195266272189349	0.255348202093764	-0.438234122240816	-1.23357866923523	98	5
TABULA_MURIS_SENIS_LUNG_TYPE_II_PNEUMOCYTE_AGEING	0.00602409638554217	0.011931220025734	0.319870368468499	2.23853369626758	2	35
TABULA_MURIS_SENIS_MESENTERIC_ADIPOSE_TISSUE_B_CELL_AGEING	0.00196850393700787	0.00437242798353909	0.321493222658837	2.86743868900285	0	58
TABULA_MURIS_SENIS_MESENTERIC_ADIPOSE_TISSUE_CD4_POSITIVE_ALPHA_BETA_T_CELL_AGEING	0.319688109161793	0.393851267137516	0.122542576352575	1.1018297013793	163	59
TABULA_MURIS_SENIS_MESENTERIC_ADIPOSE_TISSUE_CD8_POSITIVE_ALPHA_BETA_T_CELL_AGEING	0.0099403578528827	0.0184152087959703	0.423912052859421	1.94600947110513	4	14
TABULA_MURIS_SENIS_MESENTERIC_ADIPOSE_TISSUE_ENDOTHELIAL_CELL_AGEING	0.0395256916996047	0.0628785426973045	0.171211589275486	1.60448986920018	19	65
TABULA_MURIS_SENIS_MESENTERIC_ADIPOSE_TISSUE_MACROPHAGE_AGEING	0.00404040404040404	0.00832568105295378	0.237331693850053	2.28250247880354	1	68
TABULA_MURIS_SENIS_MESENTERIC_ADIPOSE_TISSUE_MESENCHYMAL_STEM_CELL_OF_ADIPOSE_AGEING	0.00198807157057654	0.00437242798353909	0.16242888314604	4.59119505421511	0	623
TABULA_MURIS_SENIS_MESENTERIC_ADIPOSE_TISSUE_MYELOID_CELL_AGEING	0.18007662835249	0.238543066129273	-0.287788361865389	-1.27275442775876	93	13
TABULA_MURIS_SENIS_MAMMARY_GLAND_B_CELL_AGEING	0.00200803212851406	0.00437242798353909	0.156276166698675	2.87091340119888	0	254
TABULA_MURIS_SENIS_MAMMARY_GLAND_T_CELL_AGEING	0.0019723865877712	0.00437242798353909	0.174726166093174	4.12974827141681	0	441
TABULA_MURIS_SENIS_MAMMARY_GLAND_BASAL_CELL_AGEING	0.00202020202020202	0.00437242798353909	0.131828660897009	2.4413367276117	0	264
TABULA_MURIS_SENIS_MAMMARY_GLAND_ENDOTHELIAL_CELL_AGEING	0.00194552529182879	0.00437242798353909	0.122161828542686	3.11334226954757	0	518
TABULA_MURIS_SENIS_MAMMARY_GLAND_LUMINAL_EPITHELIAL_CELL_OF_MAMMARY_GLAND_AGEING	0.0196078431372549	0.0330578512396694	0.0913050752556098	1.75356563017835	9	281
TABULA_MURIS_SENIS_MAMMARY_GLAND_MACROPHAGE_AGEING	0.00788954635108481	0.0154756486117433	0.217143714971978	2.0244078299592	3	64
TABULA_MURIS_SENIS_MAMMARY_GLAND_STROMAL_CELL_AGEING	0.00201207243460765	0.00437242798353909	0.188514744584655	3.64867438137962	0	290
TABULA_MURIS_SENIS_MARROW_CD4_POSITIVE_ALPHA_BETA_T_CELL_AGEING	0.524366471734893	0.594282001299545	-0.137727599425012	-0.93379754001304	268	32
TABULA_MURIS_SENIS_MARROW_NK_CELL_AGEING	0.0019723865877712	0.00437242798353909	0.249929785576932	6.2229772512125	0	489
TABULA_MURIS_SENIS_MARROW_EARLY_PRO_B_CELL_AGEING	0.406060606060606	0.487075677359078	0.354083990756236	1.01986607518289	200	5
TABULA_MURIS_SENIS_MARROW_ERYTHROBLAST_AGEING	0.00202020202020202	0.00437242798353909	0.347829808092558	5.17839164062486	0	166
TABULA_MURIS_SENIS_MARROW_GRANULOCYTE_AGEING	0.01364522417154	0.0242054411390796	0.247777156003233	1.92615160136275	6	45
TABULA_MURIS_SENIS_MARROW_GRANULOCYTE_MONOCYTE_PROGENITOR_CELL_AGEING	0.00198019801980198	0.00437242798353909	0.313249884565806	4.77303253288922	0	173
TABULA_MURIS_SENIS_MARROW_GRANULOCYTOPOIETIC_CELL_AGEING	0.00197628458498024	0.00437242798353909	0.299975978861398	2.81119065083894	0	65
TABULA_MURIS_SENIS_MARROW_HEMATOPOIETIC_PRECURSOR_CELL_AGEING	0.210735586481113	0.273822035937243	0.139239421164529	1.20936709194961	105	56
TABULA_MURIS_SENIS_MARROW_HEMATOPOIETIC_STEM_CELL_AGEING	0.00204918032786885	0.00437242798353909	0.261566164862155	7.41663157524395	0	653
TABULA_MURIS_SENIS_MARROW_IMMATURE_B_CELL_AGEING	0.00205338809034908	0.00437242798353909	0.354227079243289	5.89984163535702	0	216
TABULA_MURIS_SENIS_MARROW_LATE_PRO_B_CELL_AGEING	0.00200803212851406	0.00437242798353909	0.352489082969432	6.10709439136263	0	229
TABULA_MURIS_SENIS_MARROW_MACROPHAGE_AGEING	0.00196850393700787	0.00437242798353909	0.349183836639782	4.99403719109149	0	153
TABULA_MURIS_SENIS_MARROW_MATURE_ALPHA_BETA_T_CELL_AGEING	0.0418326693227092	0.0656451118602513	0.0625914827762671	1.62500785788842	20	540
TABULA_MURIS_SENIS_MARROW_MEGAKARYOCYTE_ERYTHROID_PROGENITOR_CELL_AGEING	0.00204081632653061	0.00437242798353909	0.449373057898643	2.80123877956932	0	27
TABULA_MURIS_SENIS_MARROW_MONOCYTE_AGEING	0.00196078431372549	0.00437242798353909	0.369228311231826	2.63422095219777	0	36
TABULA_MURIS_SENIS_MARROW_NAIVE_B_CELL_AGEING	0.00197628458498024	0.00437242798353909	0.284056294721113	5.36602976444498	0	272
TABULA_MURIS_SENIS_MARROW_NAIVE_T_CELL_AGEING	0.0971074380165289	0.137472220230841	0.244466613461027	1.43118182905701	46	24
TABULA_MURIS_SENIS_MARROW_PRECURSOR_B_CELL_AGEING	0.00202429149797571	0.00437242798353909	0.407179900722991	4.85473448981351	0	107
TABULA_MURIS_SENIS_MARROW_PROERYTHROBLAST_AGEING	0.00201207243460765	0.00437242798353909	0.299299902151955	2.6184540104474	0	57
TABULA_MURIS_SENIS_MARROW_PROMONOCYTE_AGEING	0.00204081632653061	0.00437242798353909	0.370299842061303	3.65009638565572	0	73
TABULA_MURIS_SENIS_PANCREAS_ENDOTHELIAL_CELL_AGEING	0.00196463654223969	0.00437242798353909	0.136900940945309	2.59988775145924	0	277
TABULA_MURIS_SENIS_PANCREAS_LEUKOCYTE_AGEING	0.0977130977130977	0.137472220230841	0.231444310120663	1.45779176173633	46	28
TABULA_MURIS_SENIS_PANCREAS_PANCREATIC_ALPHA_CELL_AGEING	0.002	0.00437242798353909	0.27153197816996	3.20552974364989	0	103
TABULA_MURIS_SENIS_PANCREAS_PANCREATIC_BETA_CELL_AGEING	0.0160320641282565	0.0274835385055826	0.131824887022627	1.8912078702621	7	155
TABULA_MURIS_SENIS_PANCREAS_PANCREATIC_DELTA_CELL_AGEING	0.002	0.00437242798353909	0.169223803618181	2.5063186538785	0	164
TABULA_MURIS_SENIS_PANCREAS_PANCREATIC_POLYPEPTIDE_CELL_AGEING	0.0123203285420945	0.0220469037069059	0.172060552670281	2.06070748284836	5	109
TABULA_MURIS_SENIS_PANCREAS_PANCREATIC_DUCTAL_CELL_AGEING	0.00203665987780041	0.00437242798353909	0.134101952708683	2.43615599113383	0	252
TABULA_MURIS_SENIS_PANCREAS_PANCREATIC_STELLATE_CELL_AGEING	0.397938144329897	0.48321060382916	0.327781319732228	1.0281296266966	192	6
TABULA_MURIS_SENIS_SUBCUTANEOUS_ADIPOSE_TISSUE_B_CELL_AGEING	0.00202839756592292	0.00437242798353909	0.204453609965421	2.45014885388219	0	108
TABULA_MURIS_SENIS_SUBCUTANEOUS_ADIPOSE_TISSUE_ENDOTHELIAL_CELL_AGEING	0.0455445544554455	0.0709243443428312	0.115948235125768	1.64633385723796	22	151
TABULA_MURIS_SENIS_SUBCUTANEOUS_ADIPOSE_TISSUE_EPITHELIAL_CELL_AGEING	0.00598802395209581	0.011931220025734	-0.0786496631689417	-1.98505515337117	2	468
TABULA_MURIS_SENIS_SUBCUTANEOUS_ADIPOSE_TISSUE_MESENCHYMAL_STEM_CELL_OF_ADIPOSE_AGEING	0.00204498977505112	0.00437242798353909	0.116263912545849	1.981997026827	0	225
TABULA_MURIS_SENIS_SUBCUTANEOUS_ADIPOSE_TISSUE_MYELOID_CELL_AGEING	0.00199203187250996	0.00437242798353909	0.16499563003496	2.49352436959792	0	170
TABULA_MURIS_SENIS_SKIN_BASAL_CELL_OF_EPIDERMIS_AGEING	0.00204081632653061	0.00437242798353909	0.274779169887435	8.98672675539188	0	866
TABULA_MURIS_SENIS_SKIN_BULGE_KERATINOCYTE_AGEING	0.00203252032520325	0.00437242798353909	0.225508975941805	7.08810822575909	0	783
TABULA_MURIS_SENIS_SKIN_EPIDERMAL_CELL_AGEING	0.00192307692307692	0.00437242798353909	0.214212671301518	5.55426895132958	0	529
TABULA_MURIS_SENIS_SPLEEN_B_CELL_AGEING	0.093812375249501	0.133830241614673	0.141369233645858	1.42703237707176	46	75
TABULA_MURIS_SENIS_SPLEEN_CD4_POSITIVE_ALPHA_BETA_T_CELL_AGEING	0.5	0.573033707865168	0.0689187323068425	0.94770403790692	258	140
TABULA_MURIS_SENIS_SPLEEN_CD8_POSITIVE_ALPHA_BETA_T_CELL_AGEING	0.00198019801980198	0.00437242798353909	0.240310169244179	3.32802769313617	0	143
TABULA_MURIS_SENIS_SPLEEN_NK_CELL_AGEING	0.00202020202020202	0.00437242798353909	0.46535679956058	4.51395451465098	0	70
TABULA_MURIS_SENIS_SPLEEN_T_CELL_AGEING	0.0506072874493927	0.0782112624217887	0.0968202864378558	1.60773737940669	24	213
TABULA_MURIS_SENIS_SPLEEN_GRANULOCYTE_AGEING	0.0742971887550201	0.109259875801572	0.0937601809126572	1.5036306856127	36	199
TABULA_MURIS_SENIS_SPLEEN_MACROPHAGE_AGEING	0.0205761316872428	0.0341262671885978	0.158059924820262	1.81203801205072	9	99
TABULA_MURIS_SENIS_SPLEEN_MACROPHAGE_DENDRITIC_CELL_PROGENITOR_AGEING	0.00412371134020619	0.00841237113402062	0.742110296461588	2.32772746992432	1	6
TABULA_MURIS_SENIS_SPLEEN_MATURE_NK_T_CELL_AGEING	0.00201612903225806	0.00437242798353909	0.42627910711418	4.9430282080935	0	100
TABULA_MURIS_SENIS_SPLEEN_MEGAKARYOCYTE_ERYTHROID_PROGENITOR_CELL_AGEING	0.00998003992015968	0.0184152087959703	0.224230297209327	2.0147817464408	4	60
TABULA_MURIS_SENIS_SPLEEN_PROERYTHROBLAST_AGEING	0.00196078431372549	0.00437242798353909	0.160042562500603	5.71996968119843	0	1084
TABULA_MURIS_SENIS_THYMUS_DN4_THYMOCYTE_AGEING	0.00201207243460765	0.00437242798353909	0.230957408798088	3.6262328236234	0	189
TABULA_MURIS_SENIS_THYMUS_IMMATURE_T_CELL_AGEING	0.129292929292929	0.178214578214578	0.472898238903498	1.36208606845329	63	5
TABULA_MURIS_SENIS_THYMUS_PROFESSIONAL_ANTIGEN_PRESENTING_CELL_AGEING	0.00201207243460765	0.00437242798353909	0.500624009411382	4.37975734620843	0	57
TABULA_MURIS_SENIS_THYMUS_THYMOCYTE_AGEING	0.00204918032786885	0.00437242798353909	0.321313418654384	9.11074736137051	0	653
TABULA_MURIS_SENIS_TONGUE_LANGERHANS_CELL_AGEING	0.514644351464435	0.586522054182932	0.225934194440015	0.951785958436879	245	12
TABULA_MURIS_SENIS_TONGUE_BASAL_CELL_OF_EPIDERMIS_AGEING	0.00199600798403194	0.00437242798353909	0.400139173056983	5.00222781803039	0	116
TABULA_MURIS_SENIS_TONGUE_KERATINOCYTE_AGEING	0.0705645161290323	0.105846774193548	0.263978377103045	1.52479814960586	34	23
TABULA_MURIS_SENIS_TRACHEA_T_CELL_AGEING	0.00197628458498024	0.00437242798353909	0.125985854139441	2.81844903460832	0	402
TABULA_MURIS_SENIS_TRACHEA_BASAL_EPITHELIAL_CELL_OF_TRACHEOBRONCHIAL_TREE_AGEING	0.00200803212851406	0.00437242798353909	0.434234665390444	2.17513020131384	0	17
TABULA_MURIS_SENIS_TRACHEA_ENDOTHELIAL_CELL_AGEING	0.00195694716242661	0.00437242798353909	0.2010545318451	3.33222286577896	0	206
TABULA_MURIS_SENIS_TRACHEA_FIBROBLAST_AGEING	0.00205761316872428	0.00437242798353909	0.26855268722343	3.03973121307241	0	97
TABULA_MURIS_SENIS_TRACHEA_GRANULOCYTE_AGEING	0.461847389558233	0.541476249826894	0.137119578241074	0.959597470000947	229	35
TABULA_MURIS_SENIS_TRACHEA_MACROPHAGE_AGEING	0.00198807157057654	0.00437242798353909	0.499755203047945	4.93523559361361	0	72
TABULA_MURIS_SENISTRACHEA_SMOOTH_MUSCLE_CELL_OF_TRACHEA_AGEING	0.0630081300813008	0.0952122854561879	0.279192596138503	1.50595530617065	30	20
