pathway	pval	padj	ES	NES	nMoreExtreme	size
BIOCARTA_RELA_PATHWAY	0.209251101321586	0.71323312702623	-0.270951963208124	-1.24662170809385	94	15
BIOCARTA_CSK_PATHWAY	0.571125265392781	0.836513383665065	-0.248359240069085	-0.909524302793409	268	9
BIOCARTA_SRCRPTP_PATHWAY	0.301645338208409	0.778485491861288	0.295025510204082	1.12681017704193	164	10
BIOCARTA_ARAP_PATHWAY	0.0526315789473684	0.551378446115288	0.409391692577533	1.61515274130037	27	11
BIOCARTA_AGR_PATHWAY	0.645569620253165	0.845388788426763	-0.140104627173593	-0.850508989517451	305	26
BIOCARTA_AKAP95_PATHWAY	0.274223034734918	0.778485491861288	0.30719068877551	1.17327343715234	149	10
BIOCARTA_AKT_PATHWAY	0.359743040685225	0.814950775905223	-0.201444376797598	-1.06159041303404	167	19
BIOCARTA_AT1R_PATHWAY	0.379439252336449	0.814950775905223	0.179382814578345	1.05720329372449	202	24
BIOCARTA_ACE2_PATHWAY	0.150093808630394	0.659423004870738	0.462825723165192	1.28037393633883	79	5
BIOCARTA_DNAFRAGMENT_PATHWAY	0.917197452229299	0.993726992712794	-0.170196182631416	-0.62328087452224	431	9
BIOCARTA_CHEMICAL_PATHWAY	0.845871559633028	0.954316631380852	0.131186626958803	0.666482464878187	460	18
BIOCARTA_ATM_PATHWAY	0.434862385321101	0.814950775905223	0.19993086577324	1.01573170463194	236	18
BIOCARTA_AGPCR_PATHWAY	0.959780621572212	0.998493737117489	0.144052933673469	0.550190766838188	524	10
BIOCARTA_BCELLSURVIVAL_PATHWAY	1	1	0.0885408358589887	0.420898589974716	540	16
BIOCARTA_BCR_PATHWAY	0.694092827004219	0.882661398502475	-0.134596964338344	-0.817074570918224	328	26
BIOCARTA_BIOPEPTIDES_PATHWAY	0.174397031539889	0.68922305764411	0.213166254290047	1.28284799458544	93	25
BIOCARTA_CDMAC_PATHWAY	0.299270072992701	0.778485491861288	0.249190525560252	1.14382063818868	163	15
BIOCARTA_CASPASE_PATHWAY	0.253863134657837	0.775692911454501	-0.224445508217648	-1.20800400753284	114	20
BIOCARTA_CBL_PATHWAY	0.478976234003656	0.814950775905223	0.252439413265306	0.964158318909689	261	10
BIOCARTA_CCR3_PATHWAY	0.209259259259259	0.71323312702623	0.277773980405559	1.22519471063871	112	14
BIOCARTA_CD40_PATHWAY	0.0523012552301255	0.551378446115288	-0.355596719682518	-1.56219950991167	24	13
BIOCARTA_MCM_PATHWAY	0.402671755725191	0.814950775905223	0.243803401765287	1.03969076055173	210	13
BIOCARTA_G1_PATHWAY	0.45607476635514	0.814950775905223	0.170158286778398	1.00283799013574	243	24
BIOCARTA_G2_PATHWAY	0.120300751879699	0.587359943977591	0.247677559813521	1.34270426635635	63	21
BIOCARTA_CELL2CELL_PATHWAY	0.699619771863118	0.884576723045321	0.271092338752524	0.816490327158479	367	6
BIOCARTA_CERAMIDE_PATHWAY	0.948669201520912	0.998493737117489	0.105656791341439	0.590311560367933	498	22
BIOCARTA_VDR_PATHWAY	0.722433460076046	0.897230971745569	0.142943156428634	0.798632976110547	379	22
BIOCARTA_HDAC_PATHWAY	0.218415417558887	0.728051391862955	-0.237839313081267	-1.25338785139365	101	19
BIOCARTA_GCR_PATHWAY	0.911255411255411	0.993726992712794	-0.141854636591479	-0.642765261214518	420	14
BIOCARTA_CTCF_PATHWAY	0.00425531914893617	0.187234042553191	-0.403650553016228	-2.24484666007706	1	21
BIOCARTA_CTL_PATHWAY	0.00630252100840336	0.23109243697479	-0.650435660397407	-1.99594833835365	2	6
BIOCARTA_CXCR4_PATHWAY	0.225688073394495	0.739880952380952	0.238123094377083	1.20976406333473	122	18
BIOCARTA_CELLCYCLE_PATHWAY	0.338345864661654	0.814950775905223	0.199978722838373	1.08412035606998	179	21
BIOCARTA_CFTR_PATHWAY	0.480225988700565	0.814950775905223	0.262689872016297	0.954214979078533	254	9
BIOCARTA_CYTOKINE_PATHWAY	0.046218487394958	0.551378446115288	-0.518489002231431	-1.59105246755101	21	6
BIOCARTA_INFLAM_PATHWAY	0.273885350318471	0.778485491861288	-0.315291616846021	-1.15463949683819	128	9
BIOCARTA_D4GDI_PATHWAY	0.538461538461538	0.836513383665065	-0.243016581632653	-0.943305700674122	244	10
BIOCARTA_P35ALZHEIMERS_PATHWAY	0.352941176470588	0.814950775905223	-0.348847093826373	-1.07048370754585	167	6
BIOCARTA_RNA_PATHWAY	0.747346072186836	0.903385361984088	-0.20958327797706	-0.767521613958148	351	9
BIOCARTA_MTA3_PATHWAY	0.00184842883548983	0.154385964912281	0.495523608230978	2.35558187338288	0	16
BIOCARTA_SKP2E2F_PATHWAY	0.618773946360153	0.838230545689377	0.253327753865774	0.863973144785063	322	8
BIOCARTA_CALCINEURIN_PATHWAY	0.0151843817787419	0.37117377681369	-0.379994815760089	-1.80321692937547	6	16
BIOCARTA_EGF_PATHWAY	0.494758909853249	0.830892825707747	-0.151387970164914	-0.954120211230275	235	28
BIOCARTA_NDKDYNAMIN_PATHWAY	0.561302681992337	0.836513383665065	0.220605432413756	0.904369657729784	292	12
BIOCARTA_EPHA4_PATHWAY	0.0484210526315789	0.551378446115288	-0.484976488403602	-1.59101364676334	22	7
BIOCARTA_EPO_PATHWAY	0.579617834394904	0.836513383665065	-0.181523865827738	-0.897059535246224	272	17
BIOCARTA_ECM_PATHWAY	0.429872495446266	0.814950775905223	0.188519227700654	1.00639995125268	235	20
BIOCARTA_ERK_PATHWAY	0.158878504672897	0.670003850596843	0.221129289704709	1.30323862943221	84	24
BIOCARTA_ERYTH_PATHWAY	0.113684210526316	0.587359943977591	-0.421387013401041	-1.38240204405943	53	7
BIOCARTA_EPONFKB_PATHWAY	0.01875	0.382978723404255	-0.494380679100909	-1.72977925791476	8	8
BIOCARTA_EIF_PATHWAY	0.288135593220339	0.778485491861288	0.31702758956645	1.15159550089811	152	9
BIOCARTA_EXTRINSIC_PATHWAY	0.569296375266525	0.836513383665065	-0.32467925731134	-0.907092029620338	266	5
BIOCARTA_FAS_PATHWAY	0.9958071278826	1	-0.0844191361474031	-0.521982703693698	474	27
BIOCARTA_FCER1_PATHWAY	0.0697674418604651	0.584466322862947	-0.223831057339083	-1.49984042773304	32	32
BIOCARTA_FIBRINOLYSIS_PATHWAY	0.00375234521575985	0.187234042553191	0.738082715754243	2.04185252637009	1	5
BIOCARTA_FMLP_PATHWAY	0.694092827004219	0.882661398502475	-0.134596964338344	-0.817074570918224	328	26
BIOCARTA_FREE_PATHWAY	0.997916666666667	1	-0.124202933205803	-0.434571306512805	478	8
BIOCARTA_GABA_PATHWAY	0.409381663113006	0.814950775905223	-0.364809945015539	-1.01920953063075	191	5
BIOCARTA_GATA3_PATHWAY	0.480225988700565	0.814950775905223	0.262689872016297	0.954214979078533	254	9
BIOCARTA_SET_PATHWAY	0.517241379310345	0.836513383665065	0.274011637175195	0.934515434117785	269	8
BIOCARTA_GH_PATHWAY	0.566539923954373	0.836513383665065	0.164176072889766	0.917262700600553	297	22
BIOCARTA_HIVNEF_PATHWAY	0.178571428571429	0.68922305764411	-0.144358262659742	-1.25567676967124	84	53
BIOCARTA_MPR_PATHWAY	0.0814814814814815	0.587359943977591	0.34086352244247	1.50346761830049	43	14
BIOCARTA_HCMV_PATHWAY	0.307855626326964	0.778485491861288	-0.229616804845891	-1.13472651819375	144	17
BIOCARTA_IGF1_PATHWAY	0.475563909774436	0.814950775905223	0.179339876060534	0.972233483306276	252	21
BIOCARTA_IL2_PATHWAY	0.843683083511777	0.954316631380852	-0.131942140952701	-0.695321031727321	393	19
BIOCARTA_IL3_PATHWAY	0.200381679389313	0.71323312702623	0.290315457606742	1.23803973502249	104	13
BIOCARTA_IL4_PATHWAY	0.518681318681319	0.836513383665065	-0.247321428571429	-0.960015616641975	235	10
BIOCARTA_IL6_PATHWAY	0.777310924369748	0.92436974789916	-0.131800771842266	-0.748156779883251	369	22
BIOCARTA_IL10_PATHWAY	0.312101910828025	0.780254777070064	-0.303184092821399	-1.11030014653262	146	9
BIOCARTA_IL12_PATHWAY	0.0679405520169851	0.584466322862947	-0.407439883087551	-1.49209860479663	31	9
BIOCARTA_IL2RB_PATHWAY	0.583804143126177	0.836513383665065	0.135435962951134	0.890548998161351	309	30
BIOCARTA_IL22BP_PATHWAY	0.479830148619958	0.814950775905223	-0.2664363845711	-0.97572519085023	225	9
BIOCARTA_IL7_PATHWAY	0.0920502092050209	0.587359943977591	-0.331202885305429	-1.45503306545521	43	13
BIOCARTA_GSK3_PATHWAY	0.0596026490066225	0.584466322862947	-0.28457794798149	-1.53164705476642	26	20
BIOCARTA_DEATH_PATHWAY	0.040948275862069	0.551378446115288	-0.252986440911281	-1.60744118253899	18	29
BIOCARTA_RACCYCD_PATHWAY	0.935064935064935	0.998493737117489	0.102354537473062	0.615976077317456	503	25
BIOCARTA_GLEEVEC_PATHWAY	0.4	0.814950775905223	0.183274175696447	1.05816065953926	215	23
BIOCARTA_INSULIN_PATHWAY	0.475563909774436	0.814950775905223	0.179339876060534	0.972233483306276	252	21
BIOCARTA_INTEGRIN_PATHWAY	0.190207156308851	0.70924702352453	0.189380389651868	1.24525652272084	100	30
BIOCARTA_INTRINSIC_PATHWAY	0.0842911877394636	0.587359943977591	0.440937350549976	1.5038148153704	43	8
BIOCARTA_KERATINOCYTE_PATHWAY	0.757936507936508	0.906228433402346	-0.0954207770064548	-0.753829034431543	381	42
BIOCARTA_PYK2_PATHWAY	0.161410018552876	0.670003850596843	0.215506425093782	1.29693129042679	86	25
BIOCARTA_EGFR_SMRTE_PATHWAY	0.398496240601504	0.814950775905223	0.260014640545614	1.02582286614412	211	11
BIOCARTA_MAPK_PATHWAY	0.942505133470226	0.998493737117489	-0.0590728043612593	-0.605729009066405	458	73
BIOCARTA_MCALPAIN_PATHWAY	0.0129390018484288	0.368773946360153	0.388618599457649	1.84738509595929	6	16
BIOCARTA_ETS_PATHWAY	0.547134935304991	0.836513383665065	0.193092997288244	0.917910583338622	295	16
BIOCARTA_MONOCYTE_PATHWAY	0.111578947368421	0.587359943977591	-0.422593904063578	-1.38636136901675	52	7
BIOCARTA_MTOR_PATHWAY	0.374732334047109	0.814950775905223	-0.197333781202108	-1.03992801200104	174	19
BIOCARTA_IGF1R_PATHWAY	0.184210526315789	0.698729582577132	0.234284346468181	1.27009726589758	97	21
BIOCARTA_PITX2_PATHWAY	0.102510460251046	0.587359943977591	-0.324854477314409	-1.42714338227381	48	13
BIOCARTA_NGF_PATHWAY	0.561467889908257	0.836513383665065	0.179296958094023	0.910902897238082	305	18
BIOCARTA_VIP_PATHWAY	0.612765957446809	0.838230545689377	-0.156558115147439	-0.870676279941972	287	21
BIOCARTA_NFAT_PATHWAY	0.568932038834951	0.836513383665065	0.127579402367976	0.893384744574639	292	34
BIOCARTA_NTHI_PATHWAY	0.0191489361702128	0.382978723404255	-0.31814675922232	-1.76932914997357	8	21
BIOCARTA_NFKB_PATHWAY	0.399558498896247	0.814950775905223	-0.192269028243179	-1.03482470416372	180	20
BIOCARTA_NOS1_PATHWAY	0.742290748898678	0.902231849490106	-0.169338331073717	-0.779107990321987	336	15
BIOCARTA_RARRXR_PATHWAY	0.576045627376426	0.836513383665065	0.293698863032621	0.884577859584923	302	6
BIOCARTA_NUCLEARRS_PATHWAY	0.35	0.814950775905223	-0.251129538085366	-1.07479478355134	167	12
BIOCARTA_ARENRF2_PATHWAY	0.902752293577982	0.993726992712794	0.121569878749202	0.617625396140073	491	18
BIOCARTA_P38MAPK_PATHWAY	0.885338345864662	0.993726992712794	0.09889931558191	0.66647056656334	470	31
BIOCARTA_P53_PATHWAY	0.549270072992701	0.836513383665065	0.199883031608049	0.917492092698869	300	15
BIOCARTA_PDGF_PATHWAY	0.586206896551724	0.836513383665065	-0.136587514625921	-0.867858353354784	271	29
BIOCARTA_CCR5_PATHWAY	0.67037037037037	0.867538126361656	0.189143312827523	0.834265996010931	361	14
BIOCARTA_PTDINS_PATHWAY	0.935114503816794	0.998493737117489	0.142952653757215	0.609616404986885	489	13
BIOCARTA_PLCE_PATHWAY	0.643510054844607	0.845388788426763	0.217570153061224	0.830979878724285	351	10
BIOCARTA_EDG1_PATHWAY	0.818691588785047	0.952974336151906	0.13631306027334	0.7074116118544	437	19
BIOCARTA_CDK5_PATHWAY	0.175502742230347	0.68922305764411	0.350239158163265	1.33769126454173	95	10
BIOCARTA_PLATELETAPP_PATHWAY	0.104562737642586	0.587359943977591	0.467325470194453	1.40751571145242	54	6
BIOCARTA_PS1_PATHWAY	0.1	0.587359943977591	-0.343392866634774	-1.46966726647	47	12
BIOCARTA_AKAPCENTROSOME_PATHWAY	0.649425287356322	0.845405699517105	0.207143996172859	0.849184640966922	338	12
BIOCARTA_PTEN_PATHWAY	0.481561822125813	0.814950775905223	-0.206292869676184	-0.978936500134782	221	16
BIOCARTA_RAB_PATHWAY	0.118681318681319	0.587359943977591	-0.348692602040816	-1.35350319339608	53	10
BIOCARTA_RAC1_PATHWAY	0.234135667396061	0.739880952380952	-0.236509962419343	-1.19640285782074	106	18
BIOCARTA_RAS_PATHWAY	0.55531914893617	0.836513383665065	-0.16515636814049	-0.918494273425983	260	21
BIOCARTA_NKCELLS_PATHWAY	0.427083333333333	0.814950775905223	-0.233681496837293	-1.00011992108955	204	12
BIOCARTA_RB_PATHWAY	0.0488721804511278	0.551378446115288	0.4198720039428	1.65650019396781	25	11
BIOCARTA_BAD_PATHWAY	0.208510638297872	0.71323312702623	-0.226962723172729	-1.26222175906647	97	21
BIOCARTA_CK1_PATHWAY	0.58936170212766	0.836513383665065	-0.215411710986932	-0.87741472160147	276	11
BIOCARTA_EIF2_PATHWAY	0.152866242038217	0.659423004870738	-0.359346353128737	-1.31597375318049	71	9
BIOCARTA_EIF4_PATHWAY	0.986842105263158	1	0.0959068060320754	0.519927916476707	524	21
BIOCARTA_P27_PATHWAY	0.783834586466165	0.927116177540626	0.189022489907446	0.745741055025468	416	11
BIOCARTA_PGC1A_PATHWAY	0.420382165605096	0.814950775905223	-0.280448164385988	-1.02703817708536	197	9
BIOCARTA_PML_PATHWAY	0.466377440347072	0.814950775905223	-0.209233928856277	-0.992892921338134	214	16
BIOCARTA_DREAM_PATHWAY	0.406015037593985	0.814950775905223	0.257340204242859	1.01527154523521	215	11
BIOCARTA_RHO_PATHWAY	0.097196261682243	0.587359943977591	0.274838872210442	1.42630654172658	51	19
BIOCARTA_AKAP13_PATHWAY	0.296577946768061	0.778485491861288	0.373791308043779	1.12580454614865	155	6
BIOCARTA_ATRBRCA_PATHWAY	0.0878504672897196	0.587359943977591	0.279323158314614	1.44957823744383	46	19
BIOCARTA_CARDIACEGF_PATHWAY	0.0813308687615527	0.587359943977591	0.307884032541075	1.46359534462326	43	16
BIOCARTA_HER2_PATHWAY	0.89799635701275	0.993726992712794	0.123360459550024	0.658553305102582	492	20
BIOCARTA_ERK5_PATHWAY	0.389121338912134	0.814950775905223	-0.233517140701576	-1.02588224966101	185	13
BIOCARTA_MAL_PATHWAY	0.391866913123845	0.814950775905223	0.224178497368001	1.06568243375425	211	16
BIOCARTA_MEF2D_PATHWAY	0.977777777777778	1	0.119902027796765	0.528859218696323	527	14
BIOCARTA_MITOCHONDRIA_PATHWAY	0.15203426124197	0.659423004870738	-0.254953498624903	-1.34357778664443	70	19
BIOCARTA_ACH_PATHWAY	0.645338208409506	0.845388788426763	0.216964285714286	0.828665850042509	352	10
BIOCARTA_PARKIN_PATHWAY	0.998098859315589	1	0.143980448411433	0.43364797385585	524	6
BIOCARTA_CDC42RAC_PATHWAY	0.997894736842105	1	-0.139361714240171	-0.457189976203389	473	7
BIOCARTA_RANMS_PATHWAY	0.00188323917137476	0.154385964912281	0.605021921084097	2.19772835297396	0	9
BIOCARTA_BARR_MAPK_PATHWAY	0.329566854990584	0.814659641549758	0.304034365174262	1.10439790912805	174	9
BIOCARTA_TOB1_PATHWAY	0.025531914893617	0.432078559738134	-0.420270632660013	-1.71184583448682	11	11
BIOCARTA_BARRESTIN_SRC_PATHWAY	0.253759398496241	0.775692911454501	0.303704347952136	1.19818970202194	134	11
BIOCARTA_NKT_PATHWAY	0.48125	0.814950775905223	-0.273752590467081	-0.957827789005763	230	8
BIOCARTA_IL1R_PATHWAY	0.0717299578059072	0.584466322862947	-0.249416691227036	-1.51409087839374	33	26
BIOCARTA_MET_PATHWAY	0.572340425531915	0.836513383665065	-0.135075332356207	-0.892007243730404	268	31
BIOCARTA_GPCR_PATHWAY	0.957805907172996	0.998493737117489	-0.0966818940956872	-0.586910095053983	453	26
BIOCARTA_IGF1MTOR_PATHWAY	0.615711252653928	0.838230545689377	-0.176484664217446	-0.872156672837869	289	17
BIOCARTA_SODD_PATHWAY	0.720879120879121	0.897230971745569	-0.20422512755102	-0.792730791230471	327	10
BIOCARTA_SHH_PATHWAY	0.210727969348659	0.71323312702623	0.299420613405624	1.22747166604226	109	12
BIOCARTA_PTC1_PATHWAY	0.895795246800731	0.993726992712794	0.163823341836735	0.625701176454055	489	10
BIOCARTA_SPRY_PATHWAY	0.123844731977819	0.587359943977591	0.283567953421598	1.34800344495562	66	16
BIOCARTA_BARRESTIN_PATHWAY	0.25891181988743	0.776773013615119	0.415092836082556	1.14832435165099	137	5
BIOCARTA_STATHMIN_PATHWAY	0.573221757322176	0.836513383665065	-0.202756497150884	-0.890745282361753	273	13
BIOCARTA_HSP27_PATHWAY	0.461702127659574	0.814950775905223	-0.2393294340197	-0.974836362235528	216	11
BIOCARTA_TCR_PATHWAY	0.0965092402464066	0.587359943977591	-0.207277767336967	-1.44011833750396	46	34
BIOCARTA_TALL1_PATHWAY	0.609341825902335	0.838230545689377	-0.239316239316239	-0.876407641007022	286	9
BIOCARTA_TEL_PATHWAY	0.610169491525424	0.838230545689377	0.178886965171328	0.876795656440585	323	17
BIOCARTA_TGFB_PATHWAY	0.233545647558386	0.739880952380952	-0.249116732119984	-1.23109178464545	109	17
BIOCARTA_TH1TH2_PATHWAY	0.28781512605042	0.778485491861288	-0.364281160344278	-1.11784519354068	136	6
BIOCARTA_41BB_PATHWAY	0.0238095238095238	0.432078559738134	-0.376429710640237	-1.70566114088591	10	14
BIOCARTA_CTLA4_PATHWAY	0.123667377398721	0.587359943977591	-0.483321380189656	-1.35030791725242	57	5
BIOCARTA_LONGEVITY_PATHWAY	0.841603053435115	0.954316631380852	0.163114216140291	0.69559465621798	440	13
BIOCARTA_PAR1_PATHWAY	0.707006369426752	0.888808007279345	-0.16155004715454	-0.798352379499141	332	17
BIOCARTA_STRESS_PATHWAY	0.113490364025696	0.587359943977591	-0.240941739824421	-1.40751694047896	52	24
BIOCARTA_TNFR1_PATHWAY	0.911949685534591	0.993726992712794	-0.101309276704455	-0.638500063007273	434	28
BIOCARTA_TNFR2_PATHWAY	0.0403397027600849	0.551378446115288	-0.328524039431518	-1.62350895727022	18	17
BIOCARTA_TOLL_PATHWAY	0.307359307359307	0.778485491861288	-0.194071745549299	-1.11247331590346	141	23
BIOCARTA_TPO_PATHWAY	0.452380952380952	0.814950775905223	-0.174270418058866	-0.998966589871691	208	23
BIOCARTA_CREB_PATHWAY	0.353319057815846	0.814950775905223	-0.203384208426931	-1.0718131191395	164	19
BIOCARTA_CARM1_PATHWAY	0.629787234042553	0.841506751954513	-0.206380958593348	-0.840630671834792	295	11
BIOCARTA_TFF_PATHWAY	0.915413533834586	0.993726992712794	0.1210290547241	0.656120111379804	486	21
BIOCARTA_TRKA_PATHWAY	0.261278195488722	0.776773013615119	0.300515318214433	1.18560818115495	138	11
BIOCARTA_ARF_PATHWAY	0.403703703703704	0.814950775905223	0.235862383230804	1.04033266165213	217	14
BIOCARTA_UCALPAIN_PATHWAY	0.467043314500942	0.814950775905223	0.266896948762234	0.969497089569861	247	9
BIOCARTA_VITCB_PATHWAY	0.407969639468691	0.814950775905223	0.319962654704027	1.03599149460535	214	7
BIOCARTA_WNT_PATHWAY	0.276231263383298	0.778485491861288	-0.221921776919363	-1.16950413094819	128	19
BIOCARTA_ACTINY_PATHWAY	0.621052631578947	0.838230545689377	-0.265686732172745	-0.871611772443307	294	7
BIOCARTA_EICOSANOID_PATHWAY	0.614942528735632	0.838230545689377	0.212858130016478	0.872609672761622	320	12
BIOCARTA_CHREBP_PATHWAY	0.844402277039848	0.954316631380852	0.215486912067768	0.697714576432314	444	7
BIOCARTA_LIS1_PATHWAY	0.235416666666667	0.739880952380952	-0.282251634508053	-1.20799244378402	112	12
BIOCARTA_HSWI_SNF_PATHWAY	0.559414990859232	0.836513383665065	0.234964923469388	0.897416860087923	305	10
BIOCARTA_PCAF_PATHWAY	0.167728237791932	0.683337265078242	-0.350507063460431	-1.28360310826099	78	9
BIOCARTA_LYMPHOCYTE_PATHWAY	0.434873949579832	0.814950775905223	-0.327276591223037	-1.00429175121572	206	6
BIOCARTA_AMAN_PATHWAY	0.0959488272921109	0.587359943977591	-0.516136743963662	-1.44198779595792	44	5
BIOCARTA_EFP_PATHWAY	0.0632183908045977	0.584466322862947	0.378528145431351	1.55177216435353	32	12
BIOCARTA_ERAD_PATHWAY	0.725941422594142	0.897230971745569	-0.181245514711745	-0.796243718190568	346	13
BIOCARTA_BTG2_PATHWAY	0.433145009416196	0.814950775905223	0.275133962180594	0.999417853268672	229	9
BIOCARTA_TERT_PATHWAY	1	1	0.156809307514543	0.433801623954468	532	5
BIOCARTA_CTBP1_PATHWAY	0.375478927203065	0.814950775905223	0.305236728837877	1.04100846628	195	8
BIOCARTA_PRION_PATHWAY	0.738853503184713	0.902231849490106	-0.210167840219654	-0.769662358010941	347	9
BIOCARTA_PRC2_PATHWAY	0.476923076923077	0.814950775905223	-0.255899234693878	-0.993311671422363	216	10
BIOCARTA_RANBP2_PATHWAY	0.959770114942529	0.998493737117489	0.137790357731356	0.564870127161023	500	12
BIOCARTA_IRES_PATHWAY	0.754201680672269	0.906228433402346	-0.259191371798959	-0.795363199400308	358	6
BIOCARTA_PLC_PATHWAY	0.28125	0.778485491861288	-0.329069025984377	-1.1513734246354	134	8
BIOCARTA_CDC25_PATHWAY	0.0664136622390892	0.584466322862947	0.45872092361293	1.48527013472902	34	7
BIOCARTA_DSP_PATHWAY	0.921455938697318	0.993726992712794	0.180356288857006	0.615104297447464	480	8
BIOCARTA_MELANOCYTE_PATHWAY	0.0505263157894737	0.551378446115288	-0.475298591581368	-1.55926434286033	23	7
BIOCARTA_S1P_PATHWAY	0.127376425855513	0.587359943977591	0.446605036659229	1.34510880746579	66	6
BIOCARTA_HBX_PATHWAY	0.580645161290323	0.836513383665065	0.274430996595657	0.888566756617778	305	7
BIOCARTA_MALATEX_PATHWAY	0.0134099616858238	0.368773946360153	0.555455922206281	1.89437987972026	6	8
BIOCARTA_TSP1_PATHWAY	0.296577946768061	0.778485491861288	0.374508553819998	1.1279647851328	155	6
BIOCARTA_NPP1_PATHWAY	0.469043151969981	0.814950775905223	0.357845246633198	0.989953030048751	249	5
BIOCARTA_CPSF_PATHWAY	0.84453781512605	0.954316631380852	-0.234326851556689	-0.719063111807945	401	6
BIOCARTA_HES_PATHWAY	0.506591337099812	0.836513383665065	0.25874850538063	0.939898054512973	268	9
BIOCARTA_TERC_PATHWAY	0.38655462184874	0.814950775905223	-0.339416640102008	-1.04154510594832	183	6
BIOCARTA_REELIN_PATHWAY	0.814498933901919	0.952974336151906	-0.260498844529445	-0.727784175542138	381	5
BIOCARTA_SAM68_PATHWAY	0.96218487394958	0.998493737117489	-0.193895441504622	-0.594993952282756	457	6
BIOCARTA_FBW7_PATHWAY	0.618773946360153	0.838230545689377	0.253327753865774	0.863973144785063	322	8
BIOCARTA_SUMO_PATHWAY	0.82319391634981	0.953171903141885	0.23889597279779	0.719519599425399	432	6
BIOCARTA_IFNA_PATHWAY	0.00210526315789474	0.154385964912281	-0.74121303897346	-2.43162315774841	0	7
BIOCARTA_PKC_PATHWAY	0.412631578947368	0.814950775905223	-0.308167006341869	-1.01097254051641	195	7
BIOCARTA_PPARG_PATHWAY	0.680170575692964	0.875073255277497	-0.294477647621324	-0.822714482195906	318	5
BIOCARTA_ION_PATHWAY	0.631130063965885	0.841506751954513	-0.304295162961192	-0.850142750910127	295	5
BIOCARTA_PELP1_PATHWAY	0.520255863539446	0.836513383665065	-0.337477089807953	-0.942846737051377	243	5
BIOCARTA_STAT3_PATHWAY	0.210416666666667	0.71323312702623	-0.352941176470588	-1.23489924289344	100	8
BIOCARTA_EEA1_PATHWAY	0.74108818011257	0.902231849490106	0.282604191569049	0.781804085370528	394	5
BIOCARTA_CIRCADIAN_PATHWAY	0.788973384030418	0.928203981212257	0.25106258633514	0.756163653304731	414	6
BIOCARTA_RECK_PATHWAY	0.555977229601518	0.836513383665065	0.277619009666511	0.898889068854967	292	7
BIOCARTA_NOTCH_PATHWAY	0.128151260504202	0.587359943977591	-0.426601848900223	-1.30908451564718	60	6
BIOCARTA_MRP_PATHWAY	0.300639658848614	0.778485491861288	-0.399713124551757	-1.11672236907903	140	5
BIOCARTA_IFNG_PATHWAY	0.0810234541577825	0.587359943977591	-0.54762929317077	-1.52997198261263	37	5
