pathway	pval	padj	ES	NES	nMoreExtreme	size
GIBBONS_GENETIC_MOUSE_MODEL_LUNG_ADENOCARCINOMA_UP_IN_METASTASIS	0.0896946564885496	0.209528646474596	0.374888392857143	1.46065803675562	46	10
GIBBONS_GENETIC_MOUSE_MODEL_LUNG_ADENOCARCINOMA_DOWN_IN_METASTASIS	0.702544031311155	0.798053285241037	-0.266284135586016	-0.798786002276246	358	6
LIU_OVARIAN_CANCER_TUMORS_AND_XENOGRAFTS_KINASES_DN	0.837675350701403	0.892083185979803	0.126111591080208	0.725557099823272	417	23
HEVNER_TELENCEPHALON_CHOROID_PLEXUS_EPITHELIAL_CELLS	0.542094455852156	0.664428888766606	0.213441450503886	0.926931441508699	263	13
HEVNER_CORTEX_APICAL_AND_BASAL_INTERMEDIATE_PROGENITOR_CELLS	0.00193423597678917	0.0116829340431825	-0.32637546752687	-2.63604325721897	0	46
HEVNER_CORTEX_APICAL_INTERMEDIATE_PROGENITOR_CELLS	0.591603053435115	0.710026312145132	0.225334821428571	0.877960278716757	309	10
HEVNER_CORTEX_BASAL_INTERMEDIATE_PROGENITOR_CELLS	0.503968253968254	0.636552925433739	-0.127113105299282	-0.950819344475061	253	39
HEVNER_CORTEX_INTERNEURON_PRECURSOR_CELLS	0.298624754420432	0.442086731842173	-0.406996573432146	-1.1290647579692	151	5
HEVNER_TELENCEPHALON_VASCULAR_ENDOTHELIUM_AND_MENINGEAL_CELLS	0.0794979079497908	0.19243365461941	0.312310923252785	1.46887512809657	37	15
HEVNER_TELENCEPHALON_MENINGEAL_CELLS	0.00205338809034908	0.0116829340431825	0.480224635366762	3.16821475868357	0	30
HEVNER_TELENCEPHALON_MICROGLIA	0.845401174168297	0.894534905483811	-0.229040484539369	-0.687064336754369	431	6
HEVNER_CORTEX_NEURAL_STEM_AND_PROGENITOR_CELLS	0.401174168297456	0.550743052528419	-0.347465731590692	-1.04231054566773	204	6
HEVNER_CORTEX_NEURAL_STEM_CELLS	0.0629770992366412	0.162878271537623	0.396970663265306	1.54669603194579	32	10
HEVNER_CORTICAL_PLATE_POSTMITOTIC_NEURONS	0.906432748538012	0.931049975807009	0.0609457337575324	0.643264261349154	464	78
HEVNER_INTERMEDIATE_ZONE_AND_UP_POSTMITOTIC_NEURONS	0.136	0.26671360739497	-0.167680159174283	-1.3331811248756	67	45
HEVNER_SUBVENTRICULAR_ZONE_AND_UP_NEURON_FATE_COMMITTED_CELLS	0.68986083499006	0.790735187674491	-0.12997407082184	-0.814636224335924	346	27
HEVNER_VENTRICULAR_ZONE_AND_UP_NEURON_FATE_COMMITTED_CELLS	0.434262948207171	0.577025232403719	-0.253774289172519	-1.02384927213783	217	11
HEVNER_CORTICAL_PLATE_POSTMITOTIC_PROJECTION_NEURONS	0.819502074688797	0.87702869815833	-0.0652171587505349	-0.719283041418883	394	90
HEVNER_INTERMEDIATE_ZONE_AND_UP_POSTMITOTIC_PROJECTION_NEURONS	0.462776659959759	0.604741229330872	0.140065956888387	0.991965863392043	229	35
HEVNER_SUBVENTRICULAR_ZONE_AND_UP_PROJECTION_NEURON_FATE_COMMITTED_CELLS	0.842629482071713	0.894534905483811	-0.172352561733093	-0.695354306604149	422	11
HEVNER_VENTRICULAR_ZONE_AND_UP_PROJECTION_NEURON_FATE_COMMITTED_CELLS	0.803245436105477	0.862818645210951	0.255574149334608	0.721206032135152	395	5
HEVNER_CORTEX_RADIAL_GLIA_PROGENITORS	0.00204918032786885	0.0116829340431825	0.22440014526212	4.98662364932125	0	380
HEVNER_CORTEX_VASCULAR_ENDOTHELIAL_CELLS	0.975206611570248	0.980657097875177	0.104658535049231	0.55113250060198	471	19
HEVNER_CORTEX_COMMITTED_TO_CALLOSAL_PROJECTION_NEURON_FATE	0.265690376569038	0.413032088083173	0.247239280112715	1.16282717704409	126	15
HEVNER_CORTEX_COMMITTED_TO_CORTICOTHALAMIC_PROJECTION_NEURON_FATE	0.292	0.4397712305026	0.284417965833895	1.1407740231674	145	11
HEVNER_CORTEX_COMMITTED_TO_SUBCEREBRAL_PROJECTION_NEURON_FATE	0.0352250489236791	0.107029956345025	-0.563622356816491	-1.69072651738778	17	6
HEVNER_CORTEX_G1_S_PHASE	0.22920892494929	0.373001040788264	0.430950673360427	1.21610196488741	112	5
HEVNER_CORTEX_PROLIFERATING_CELLS	0.0019723865877712	0.0116829340431825	0.546054752973102	3.3125423826902	0	25
HEVNER_CORTEX_QUIESCENCE	0.0397614314115308	0.116964574135889	-0.44586156503255	-1.63452573962725	19	9
HEVNER_CORTEX_S_PHASE	0.0142566191446029	0.0545771014830832	0.577993836999256	1.76840614182188	6	6
HEVNER_CORTEX_CAUDAL_CORTICAL_PLATE	0.17	0.303971193415638	0.3169388213636	1.2712121517529	84	11
HEVNER_CORTEX_CAUDAL_INTERMEDIATE_ZONE	0.127789046653144	0.257149675448644	0.48254044146944	1.36168340203018	62	5
HEVNER_CORTEX_CAUDAL_SUBVENTRICULAR_ZONE	0.911764705882353	0.931049975807009	0.104473671284016	0.650564082586735	464	26
HEVNER_CORTEX_CAUDAL_VENTRICULAR_ZONE	0.873239436619718	0.916479553650405	0.0968539248913081	0.685932466118613	433	35
HEVNER_CORTEX_CORTICAL_HEM	0.368	0.514043345078754	0.305336362187151	1.05970009213606	183	8
HEVNER_CORTEX_ROSTRAL_CORTICAL_PLATE	0.297297297297297	0.442086731842173	-0.214384985199337	-1.13129369499528	153	19
HEVNER_CORTEX_ROSTRAL_INTERMEDIATE_ZONE	0.342799188640974	0.485166929851801	0.389401545939916	1.09885426435259	168	5
HEVNER_CORTEX_ROSTRAL_SUBVENTRICULAR_ZONE	0.79476861167002	0.856890723996585	0.224060390076171	0.736781050788821	394	7
HEVNER_CORTEX_ROSTRAL_VENTRICULAR_ZONE	0.0164948453608247	0.0609958324193902	0.334113309224988	1.71696119036503	7	18
JARDIM_PERASSI_TRIPLE_NEGATIVE_BREAST_CANCER_MOUSE_XENOGRAFT_MELATONIN_UP	0.844758064516129	0.894534905483811	0.144879566118998	0.707802969483257	418	16
JARDIM_PERASSI_TRIPLE_NEGATIVE_BREAST_CANCER_MOUSE_XENOGRAFT_MELATONIN_DN	0.0133587786259542	0.0527671755725191	0.467825255102041	1.82276307210833	6	10
LAZARO_GENETIC_MOUSE_MODEL_HIGH_GRADE_LARGE_CELL_NEUROENDOCRINE_LUNG_CARCINOMA_UP	0.002	0.0116829340431825	0.333555075193994	7.13910043669536	0	345
LAZARO_GENETIC_MOUSE_MODEL_HIGH_GRADE_LARGE_CELL_NEUROENDOCRINE_LUNG_CARCINOMA_DN	0.00198807157057654	0.0116829340431825	-0.128074934608468	-2.61608077684718	0	320
LAZARO_GENETIC_MOUSE_MODEL_HIGH_GRADE_SMALL_CELL_NEUROENDOCRINE_LUNG_CARCINOMA_UP	0.00203665987780041	0.0116829340431825	0.200739569267953	5.28161555160956	0	540
LAZARO_GENETIC_MOUSE_MODEL_HIGH_GRADE_SMALL_CELL_NEUROENDOCRINE_LUNG_CARCINOMA_DN	0.00400801603206413	0.0212794612794613	-0.0581873290177447	-2.26019426233612	1	1243
ZEMEK_IMMUNE_CHECKPOINT_BLOCKADE_OVARIAN_CANCER_RENCA_UP	0.00193423597678917	0.0116829340431825	-0.357944828353332	-2.89102014433582	0	46
ZEMEK_IMMUNE_CHECKPOINT_BLOCKADE_OVARIAN_CANCER_RENCA_DN	0.983706720977597	0.987114480980983	0.163717989586654	0.500904819011317	482	6
ZEMEK_IMMUNE_CHECKPOINT_BLOCKADE_OVARIAN_CANCER_OVERLAP_UP	0.00199600798403194	0.0116829340431825	-0.378711576193591	-2.99388951140507	0	44
LANDIS_BREAST_CANCER_PROGRESSION_UP	0.0311890838206628	0.0982004124643331	-0.235120278143206	-1.67324282511548	15	34
CHIARADONNA_NEOPLASTIC_TRANSFORMATION_KRAS_CDC25_UP	0.0452755905511811	0.12942265851637	0.194248831079813	1.63362240190078	22	49
CHIARADONNA_NEOPLASTIC_TRANSFORMATION_KRAS_CDC25_DN	0.0841683366733467	0.200580802387624	0.18499627304716	1.44340486191921	41	43
CHIARADONNA_NEOPLASTIC_TRANSFORMATION_KRAS_UP	0.0308285163776493	0.0974181117533719	0.130855752307871	1.6431394067291	15	117
CHIARADONNA_NEOPLASTIC_TRANSFORMATION_CDC25_UP	0.4140625	0.561422991270796	0.0869357395553677	1.02987194203813	211	103
CASTELLANO_HRAS_TARGETS_DN	0.425963488843813	0.572120976515106	0.359391186548729	1.01416787382438	209	5
CASTELLANO_HRAS_AND_NRAS_TARGETS_DN	0.92	0.93725674091442	0.177646261756735	0.616538949382821	459	8
CASTELLANO_NRAS_TARGETS_DN	0.365503080082136	0.513951742057242	0.246146485680813	1.06896254807012	177	13
CHEBOTAEV_GR_TARGETS_UP	0.506958250497018	0.638687682635261	-0.101275278800491	-0.934746695630071	254	60
CHEBOTAEV_GR_TARGETS_DN	0.241650294695481	0.389599454713123	0.113235083220152	1.17353119806339	122	76
BERENJENO_ROCK_SIGNALING_NOT_VIA_RHOA_UP	0.712	0.80244190222131	0.142492391514972	0.800946764252021	355	21
BERENJENO_TRANSFORMED_BY_RHOA_REVERSIBLY_DN	0.00204081632653061	0.0116829340431825	0.400044049831372	2.5979384134604	0	29
LANDIS_ERBB2_BREAST_TUMORS_65_UP	0.712871287128713	0.80244190222131	0.146824636987394	0.799051109190157	359	20
LANDIS_ERBB2_BREAST_PRENEOPLASTIC_UP	0.69126213592233	0.790735187674491	-0.185304169514696	-0.839962602798602	355	14
GAUSSMANN_MLL_AF4_FUSION_TARGETS_A_UP	0.0183299389002037	0.0658211442325495	-0.125540007386807	-1.87572904257712	8	165
GAUSSMANN_MLL_AF4_FUSION_TARGETS_A_DN	0.0503018108651912	0.140103441159779	0.180306698950767	1.62509515079364	24	59
GAUSSMANN_MLL_AF4_FUSION_TARGETS_B_UP	0.0529411764705882	0.144546094299789	-0.299968563639861	-1.51444560786923	26	17
GAUSSMANN_MLL_AF4_FUSION_TARGETS_B_DN	0.316831683168317	0.460554209569958	-0.339933279440731	-1.10348695572463	159	7
GAUSSMANN_MLL_AF4_FUSION_TARGETS_C_UP	0.00798403193612774	0.0361240438975723	-0.144081499068246	-2.13260934986191	3	157
GAUSSMANN_MLL_AF4_FUSION_TARGETS_C_DN	0.127835051546392	0.257149675448644	0.269605757640218	1.38546597751813	61	18
GAUSSMANN_MLL_AF4_FUSION_TARGETS_D_UP	0.33531746031746	0.476908139142182	-0.188714596496341	-1.0996586047108	168	23
GAUSSMANN_MLL_AF4_FUSION_TARGETS_D_DN	0.21	0.351618497109827	0.355710983580424	1.23453020588141	104	8
GAUSSMANN_MLL_AF4_FUSION_TARGETS_E_UP	0.271805273833671	0.417312337387739	0.120073558847078	1.13136333334084	133	64
GAUSSMANN_MLL_AF4_FUSION_TARGETS_E_DN	0.321649484536082	0.463537980202082	0.218499610012054	1.12283869017611	155	18
GAUSSMANN_MLL_AF4_FUSION_TARGETS_F_DN	0.727272727272727	0.811296534017972	-0.132955543139915	-0.795495911085985	359	25
GAUSSMANN_MLL_AF4_FUSION_TARGETS_G_DN	0.762886597938144	0.834947674569581	0.110790009583134	0.755399157127568	369	32
BERENJENO_TRANSFORMED_BY_RHOA_FOREVER_UP	0.894845360824742	0.92684221520465	0.125283627596965	0.643814898817109	433	18
LANDIS_ERBB2_BREAST_TUMORS_324_UP	0.500963391136802	0.634641132795066	0.0713813887439759	0.95040194158721	259	131
JOHANSSON_GLIOMAGENESIS_BY_PDGFB_DN	0.644660194174757	0.753983457251499	-0.196334484429533	-0.861039292241327	331	13
MCBRYAN_PUBERTAL_BREAST_3_4WK_DN	0.161943319838057	0.295648623821998	0.199065942838895	1.2732027140826	79	28
HUMMERICH_BENIGN_SKIN_TUMOR_UP	0.664	0.769354666666667	0.242647058823529	0.842130654698218	331	8
HUMMERICH_MALIGNANT_SKIN_TUMOR_UP	0.134	0.264939024390244	0.392395982783357	1.36184912969675	66	8
LANG_MYB_FAMILY_TARGETS	0.441814595660749	0.583551282957517	0.164926171282624	1.00049478447709	223	25
DARWICHE_SKIN_TUMOR_PROMOTER_UP	0.009765625	0.0421374193861223	0.167038480162626	1.97879772852935	4	103
DARWICHE_SKIN_TUMOR_PROMOTER_DN	0.56640625	0.68743998777933	0.068896581334192	0.912731071157254	289	132
DARWICHE_PAPILLOMA_RISK_LOW_UP	0.0196078431372549	0.0701202291616235	0.141559276467666	1.72644009300481	9	110
DARWICHE_PAPILLOMA_RISK_LOW_DN	0.367816091954023	0.514043345078754	0.0824407434226406	1.07554320670455	191	125
DARWICHE_PAPILLOMA_RISK_HIGH_UP	0.03515625	0.107029956345025	0.136915738822397	1.62195293394616	17	103
DARWICHE_PAPILLOMA_RISK_HIGH_DN	0.11328125	0.244355208698183	0.104826236930568	1.38872149628037	57	132
DARWICHE_SQUAMOUS_CELL_CARCINOMA_UP	0.0339321357285429	0.104936035402505	0.136136095549804	1.62895735067836	16	107
DARWICHE_SQUAMOUS_CELL_CARCINOMA_DN	0.318725099601594	0.462128478679325	0.0855263157894737	1.109822658721	159	128
DARWICHE_PAPILLOMA_PROGRESSION_RISK	0.603206412825651	0.719048522284624	-0.108644517298363	-0.884703877772973	300	48
RAMJAUN_APOPTOSIS_BY_TGFB1_VIA_SMAD4_UP	0.0878661087866109	0.205810373411226	-0.383354591836735	-1.46284958908411	41	10
RAMJAUN_APOPTOSIS_BY_TGFB1_VIA_SMAD4_DN	0.490981963927856	0.628370142346549	0.272228864974979	0.982784528168942	244	9
RAMJAUN_APOPTOSIS_BY_TGFB1_VIA_MAPK1_UP	0.24853228962818	0.397743203843257	-0.393874189777919	-1.18152434714185	126	6
RAMJAUN_APOPTOSIS_BY_TGFB1_VIA_MAPK1_DN	0.218	0.361530534351145	0.351227482863064	1.21896977249822	108	8
KONG_E2F1_TARGETS	0.260521042084168	0.407914928957013	0.329135113591072	1.18822409719176	129	9
RIZ_ERYTHROID_DIFFERENTIATION_HBZ	0.0861723446893788	0.202937039390434	0.253007324444074	1.45562560098806	42	23
RIZ_ERYTHROID_DIFFERENTIATION_HEMGN	0.116935483870968	0.246699193563909	0.279968894560536	1.36777614843303	57	16
RIZ_ERYTHROID_DIFFERENTIATION_APOBEC2	0.717054263565892	0.805064799791679	-0.188606282889491	-0.803102694132635	369	12
RIZ_ERYTHROID_DIFFERENTIATION_6HR	0.888211382113821	0.926265607796285	0.127828685913226	0.641461838959022	436	17
RIZ_ERYTHROID_DIFFERENTIATION_12HR	0.846153846153846	0.894534905483811	0.110073903423736	0.704019937263639	417	28
HUMMERICH_SKIN_CANCER_PROGRESSION_UP	0.00816326530612245	0.0361932528113286	0.214259021994448	2.05587290253481	3	66
RASHI_RESPONSE_TO_IONIZING_RADIATION_3	0.0496031746031746	0.139048899129544	0.203439154986131	1.56264274932616	24	41
RASHI_RESPONSE_TO_IONIZING_RADIATION_4	0.486973947895792	0.626006450771365	-0.127780885408343	-0.963351653695793	242	40
RASHI_RESPONSE_TO_IONIZING_RADIATION_5	0.761627906976744	0.83481748668405	0.0639622428148862	0.778310815901293	392	108
LA_MEN1_TARGETS	0.725646123260437	0.810522469297327	-0.143757622733127	-0.794366749242811	364	21
TERAMOTO_OPN_TARGETS_CLUSTER_1	0.842	0.894534905483811	0.170613090967073	0.68431324869682	420	11
TERAMOTO_OPN_TARGETS_CLUSTER_3	0.478701825557809	0.619958101951917	0.346641166626823	0.978188525750783	235	5
TERAMOTO_OPN_TARGETS_CLUSTER_4	0.0595482546201232	0.156810403832991	0.349064299865671	1.51591302387547	28	13
TERAMOTO_OPN_TARGETS_CLUSTER_5	0.266932270916335	0.413483321615499	-0.340008767734736	-1.16728839204871	133	8
TERAMOTO_OPN_TARGETS_CLUSTER_6	0.0541082164328657	0.146318192022749	0.272184113832478	1.5659553143268	26	23
TERAMOTO_OPN_TARGETS_CLUSTER_7	0.00201612903225806	0.0116829340431825	0.454877173392886	2.22228311902306	0	16
MARTORIATI_MDM4_TARGETS_NEUROEPITHELIUM_DN	0.00202839756592292	0.0116829340431825	-0.268095005103719	-2.76157548742543	0	76
BORLAK_LIVER_CANCER_EGF_UP	0.0219560878243513	0.0754185536427185	0.225506867233486	1.77707287373162	10	44
DAWSON_METHYLATED_IN_LYMPHOMA_TCL1	0.368525896414343	0.514043345078754	0.148137792689638	1.06315239585793	184	36
JOHANSSON_BRAIN_CANCER_EARLY_VS_LATE_DN	0.498993963782696	0.634641132795066	0.135704586171876	0.961078051931733	247	35
WIEMANN_TELOMERE_SHORTENING_AND_CHRONIC_LIVER_DAMAGE_UP	0.004	0.0212794612794613	0.585883947074765	2.03336827703351	1	8
WANG_RESPONSE_TO_BEXAROTENE_UP	0.556660039761431	0.680362270819527	-0.164765020346286	-0.910448093903015	279	21
WANG_RESPONSE_TO_BEXAROTENE_DN	0.790196078431373	0.855030123217584	-0.148745595390585	-0.750969071211137	402	17
HOWLIN_PUBERTAL_MAMMARY_GLAND	0.155818540433925	0.290247160988644	-0.173968807826761	-1.27186978593512	78	37
SHETH_LIVER_CANCER_VS_TXNIP_LOSS_PAM2	0.107843137254902	0.239070628251301	0.102293871708916	1.40135319458989	54	139
SHETH_LIVER_CANCER_VS_TXNIP_LOSS_PAM3	0.0019723865877712	0.0116829340431825	0.295259117082534	2.49235503724781	0	50
SHETH_LIVER_CANCER_VS_TXNIP_LOSS_PAM5	0.68452380952381	0.78684019904258	0.0965037037037038	0.833490837721707	344	54
SHETH_LIVER_CANCER_VS_TXNIP_LOSS_PAM6	0.31610337972167	0.460554209569958	-0.142927247278209	-1.11492576868124	158	43
SCHMAHL_PDGF_SIGNALING	0.422310756972112	0.569471749380644	-0.255687707015141	-1.03156893306902	211	11
LIANG_HEMATOPOIESIS_STEM_CELL_NUMBER_LARGE_VS_TINY_UP	0.0680412371134021	0.171128383935501	0.218325746685833	1.48860971892932	32	32
LIANG_HEMATOPOIESIS_STEM_CELL_NUMBER_LARGE_VS_TINY_DN	0.623046875	0.737639965088556	-0.126018591796086	-0.877005101888121	318	33
LIANG_HEMATOPOIESIS_STEM_CELL_NUMBER_SMALL_VS_HUGE_UP	0.72265625	0.809263249033505	-0.114750249883226	-0.798584979852571	369	33
LIANG_HEMATOPOIESIS_STEM_CELL_NUMBER_SMALL_VS_HUGE_DN	0.539078156312625	0.661883667180277	0.146250025870047	0.918060580203442	268	27
HUI_MAPK14_TARGETS_UP	0.138	0.268883408071749	0.330774861748313	1.32670722362045	68	11
KHETCHOUMIAN_TRIM24_TARGETS_UP	0.00992063492063492	0.0421374193861223	0.251206062767892	1.92954661356994	4	41
GALIE_TUMOR_STEMNESS_GENES	0.202839756592292	0.346215139442231	0.445246633197864	1.25644380891493	99	5
GROSS_ELK3_TARGETS_UP	0.00392156862745098	0.0212794612794613	0.307139699381079	1.91257810985329	1	26
GROSS_HIF1A_TARGETS_UP	0.503042596348884	0.636308611684397	0.340792094987648	0.961682999822023	247	5
GROSS_HYPOXIA_VIA_ELK3_ONLY_UP	0.406122448979592	0.556212867757727	0.159196090577466	1.03384024623852	198	29
INGRAM_SHH_TARGETS_UP	0.283783783783784	0.430342090449827	0.100196221393346	1.16169565514746	146	97
INGRAM_SHH_TARGETS_DN	0.109561752988048	0.240300255911351	0.178401328821027	1.43023256210614	54	45
MARTIN_NFKB_TARGETS_UP	0.02734375	0.0903487404942966	-0.254217083075229	-1.66551430107688	13	29
MARTIN_NFKB_TARGETS_DN	0.972111553784861	0.978870150914303	-0.155507731547904	-0.533875555971875	487	8
HASEGAWA_TUMORIGENESIS_BY_RET_C634R	0.0871287128712871	0.204634733743645	-0.445410969042116	-1.44588724906041	43	7
RANKIN_ANGIOGENIC_TARGETS_OF_VHL_HIF2A_DN	0.708910891089109	0.802140057755776	-0.247959102346605	-0.804921587679897	357	7
WOTTON_RUNX_TARGETS_UP	0.0123711340206186	0.049089111707386	0.351618449975183	1.80691764067729	5	18
WOTTON_RUNX_TARGETS_DN	0.150300601202405	0.284556040184945	0.227193082893554	1.30710867186915	74	23
FUJIWARA_PARK2_HEPATOCYTE_PROLIFERATION_UP	0.389452332657201	0.537196947744615	0.370818391903737	1.04641436453533	191	5
SCHAEFFER_PROSTATE_DEVELOPMENT_6HR_UP	0.0020703933747412	0.0116829340431825	-0.174760801345448	-2.29638987207861	0	131
SCHAEFFER_PROSTATE_DEVELOPMENT_12HR_DN	0.0284552845528455	0.092612892421059	0.251583537903161	1.69419639639691	13	31
SCHAEFFER_PROSTATE_DEVELOPMENT_AND_CANCER_BOX1_UP	0.796116504854369	0.857280350332648	-0.165379357484621	-0.749645709137299	409	14
SCHAEFFER_PROSTATE_DEVELOPMENT_AND_CANCER_BOX1_DN	0.0298210735586481	0.095625508938986	-0.471502590673575	-1.72852558103013	14	9
SCHAEFFER_PROSTATE_DEVELOPMENT_AND_CANCER_BOX2_UP	0.119373776908023	0.248479765149927	-0.456141749017108	-1.36831149691594	60	6
SCHAEFFER_PROSTATE_DEVELOPMENT_AND_CANCER_BOX2_DN	0.17102615694165	0.304647591065407	0.396349725033873	1.3033225854469	84	7
SCHAEFFER_PROSTATE_DEVELOPMENT_AND_CANCER_BOX4_UP	0.115062761506276	0.246279654554074	-0.359901147959184	-1.37335317644301	54	10
SCHAEFFER_PROSTATE_DEVELOPMENT_AND_CANCER_BOX4_DN	0.005859375	0.0289956623289957	-0.289789517247388	-2.01674119252894	2	33
SCHAEFFER_PROSTATE_DEVELOPMENT_AND_CANCER_BOX5_UP	0.36779324055666	0.514043345078754	-0.287064346131704	-1.05237611734324	184	9
SCHAEFFER_PROSTATE_DEVELOPMENT_AND_CANCER_BOX5_DN	0.156941649899396	0.290389577429043	0.401575789317879	1.32050752890501	77	7
SCHAEFFER_PROSTATE_DEVELOPMENT_AND_CANCER_BOX6_UP	0.0392927308447937	0.116537143700088	-0.587951231173799	-1.63105799374405	19	5
SCHAEFFER_SOX9_TARGETS_IN_PROSTATE_DEVELOPMENT_UP	0.0205338809034908	0.0719513810690866	0.399035778032668	1.73292867000373	9	13
SCHAEFFER_SOX9_TARGETS_IN_PROSTATE_DEVELOPMENT_DN	0.122287968441815	0.25122516448212	-0.183104491405202	-1.33865991953685	61	37
SCHAEFFER_PROSTATE_DEVELOPMENT_AND_CANCER_BOX3	0.298624754420432	0.442086731842173	-0.407697824527851	-1.13101012544974	151	5
HE_PTEN_TARGETS_UP	0.420731707317073	0.56860941471001	0.202886514739899	1.01811229549358	206	17
HE_PTEN_TARGETS_DN	0.712871287128713	0.80244190222131	-0.246182923635701	-0.799155779631497	359	7
PASQUALUCCI_LYMPHOMA_BY_GC_STAGE_DN	0.0691056910569106	0.172071190625946	-0.108116462208175	-1.48948716649775	33	141
STARK_PREFRONTAL_CORTEX_22Q11_DELETION_UP	0.00608519269776876	0.0289956623289957	-0.151399916748038	-2.27106563383845	2	166
STARK_HYPPOCAMPUS_22Q11_DELETION_UP	0.698602794411178	0.795055264688773	-0.102416248819127	-0.809647637969995	349	44
STARK_HYPPOCAMPUS_22Q11_DELETION_DN	0.0178217821782178	0.0653465346534653	0.315198659645764	1.71537858885918	8	20
STARK_BRAIN_22Q11_DELETION	0.53765690376569	0.661883667180277	-0.239732142857143	-0.914798137642185	256	10
SHIN_B_CELL_LYMPHOMA_CLUSTER_2	0.674556213017751	0.77923409830432	0.137409210631335	0.833568120248052	341	25
SHIN_B_CELL_LYMPHOMA_CLUSTER_5	0.117296222664016	0.246699193563909	-0.379469465479828	-1.39113271332121	58	9
SHIN_B_CELL_LYMPHOMA_CLUSTER_8	0.892156862745098	0.926265607796285	0.108470871401906	0.675454897618411	454	26
SHIN_B_CELL_LYMPHOMA_CLUSTER_9	0.350293542074364	0.494164103997764	-0.361013707363723	-1.0829510944667	178	6
MORI_PRE_BI_LYMPHOCYTE_DN	0.00195694716242661	0.0116829340431825	-0.356930370921261	-3.35019889025988	0	62
MORI_LARGE_PRE_BII_LYMPHOCYTE_DN	0.136094674556213	0.26671360739497	-0.179062421053313	-1.30910871885085	68	37
MORI_SMALL_PRE_BII_LYMPHOCYTE_UP	0.476190476190476	0.617879800177756	0.106939048081593	0.95868806492621	239	58
MORI_SMALL_PRE_BII_LYMPHOCYTE_DN	0.0120967741935484	0.0487654320987654	0.204809249360102	2.00043281414723	5	69
MORI_IMMATURE_B_LYMPHOCYTE_UP	0.388671875	0.536972749403816	-0.147628348011704	-1.02739454983817	198	33
MORI_MATURE_B_LYMPHOCYTE_UP	0.013671875	0.0535173845720721	-0.193494845961214	-1.85817995394309	6	66
MORI_MATURE_B_LYMPHOCYTE_DN	0.002	0.0116829340431825	0.304200547674059	2.94934911899465	0	67
MORI_PLASMA_CELL_UP	0.36969696969697	0.514850427350427	0.127566009842998	1.04576153756815	182	47
MORI_PLASMA_CELL_DN	0.00203252032520325	0.0116829340431825	-0.380998870223008	-2.32379176834084	0	26
MORI_EMU_MYC_LYMPHOMA_BY_ONSET_TIME_UP	0.00193050193050193	0.0116829340431825	0.225103490886623	2.68292973360017	0	104
MORI_EMU_MYC_LYMPHOMA_BY_ONSET_TIME_DN	0.648854961832061	0.755837750445122	-0.18084376744557	-0.853224698357506	339	15
LEE_TARGETS_OF_PTCH1_AND_SUFU_UP	0.0535714285714286	0.145479910714286	0.201415893324601	1.54710181196042	26	41
LEE_TARGETS_OF_PTCH1_AND_SUFU_DN	0.0118110236220472	0.0481867583453477	0.227853348456536	1.91623461679293	5	49
ZEILSTRA_CD44_TARGETS_UP	0.0181086519114688	0.0657006048387097	0.525395939837639	1.72766713698105	8	7
ZEILSTRA_CD44_TARGETS_DN	0.534653465346535	0.660901652042871	-0.286306345284587	-0.929403905032542	269	7
BYSTROEM_CORRELATED_WITH_IL5_DN	0.0121212121212121	0.0487654320987654	-0.223739603326935	-1.85336833994065	5	50
LEI_HOXC8_TARGETS_UP	0.185114503816794	0.325636647402417	0.325382653061224	1.2677714121596	96	10
BYSTRYKH_HEMATOPOIESIS_STEM_CELL_QTL_CIS	0.058027079303675	0.154679545751207	0.12214402145766	1.53718636901186	29	118
LEI_HOXC8_TARGETS_DN	0.00205338809034908	0.0116829340431825	0.508350421508316	2.30480683667523	0	14
CHESLER_BRAIN_QTL_CIS	0.513184584178499	0.643517176985737	0.100310954045643	0.93951969691908	252	63
BYSTRYKH_HEMATOPOIESIS_STEM_CELL_AND_BRAIN_QTL_TRANS	0.208333333333333	0.350855943152455	-0.096171726924865	-1.24026897042316	99	126
GOLDRATH_HOMEOSTATIC_PROLIFERATION	0.524590163934426	0.653805353611641	-0.0685136596929734	-0.938809398973609	255	140
BYSTRYKH_HEMATOPOIESIS_STEM_CELL_AND_BRAIN_QTL_CIS	0.206896551724138	0.349112822229662	0.129496096877502	1.22014486140572	101	64
CHESLER_BRAIN_QTL_TRANS	0.198782961460446	0.342109821583232	0.44856163837756	1.26579843941406	97	5
CHESLER_BRAIN_HIGHEST_GENETIC_VARIANCE	0.118367346938776	0.247858372264568	0.1955139607883	1.34523690215646	57	33
CHESLER_BRAIN_HIGHEST_EXPRESSION	0.221782178217822	0.365709132583088	-0.164228087592574	-1.17920843323093	111	35
BYSTROEM_CORRELATED_WITH_IL5_UP	0.99390243902439	0.995047487917275	0.0781555486292319	0.526309670138413	488	31
BYSTRYKH_HEMATOPOIESIS_STEM_CELL_FLI1	0.908350305498982	0.931049975807009	0.198809903304644	0.608270593133328	445	6
GOLDRATH_IMMUNE_MEMORY	0.0595482546201232	0.156810403832991	-0.172033239604051	-1.51367741622403	28	56
YAO_HOXA10_TARGETS_VIA_PROGESTERONE_UP	0.0590631364562118	0.156481297501366	0.1717202235237	1.58047825598332	28	62
ABBUD_LIF_SIGNALING_1_DN	0.185110663983903	0.325636647402417	-0.23472155736397	-1.2609606854526	91	20
SANSOM_APC_TARGETS_UP	0.0941176470588235	0.214667284236529	0.119394795557065	1.4349835087917	47	106
MA_MYELOID_DIFFERENTIATION_DN	0.193877551020408	0.337275247524752	0.191214811755799	1.24177401186791	94	29
GUO_HEX_TARGETS_UP	0.041015625	0.119205946906355	-0.174856346941549	-1.67918973289673	20	66
WANG_IMMORTALIZED_BY_HOXA9_AND_MEIS1_DN	0.224371373307544	0.368579817399348	-0.235561582641991	-1.22245506828241	115	18
WANG_TARGETS_OF_MLL_CBP_FUSION_UP	0.612	0.727310525065336	-0.120155864444089	-0.872410296228506	305	36
GUO_HEX_TARGETS_DN	0.294466403162055	0.441191904047976	0.130942126182888	1.12145069370158	148	52
WANG_IMMORTALIZED_BY_HOXA9_AND_MEIS1_UP	0.04642166344294	0.130975407571152	-0.303437211940722	-1.57469801943968	23	18
NADLER_HYPERGLYCEMIA_AT_OBESITY	0.111332007952286	0.243084208317932	0.168112639266485	1.39901621163049	55	48
YU_MYC_TARGETS_DN	0.042	0.12166	-0.228710656654418	-1.66058920757331	20	36
NUMATA_CSF3_SIGNALING_VIA_STAT3	0.152719665271967	0.287258418011556	0.283967355185156	1.33556835245634	72	15
WANG_TARGETS_OF_MLL_CBP_FUSION_DN	0.0460921843687375	0.130469407871117	0.199911519723109	1.55977877158873	22	43
GREENBAUM_E2A_TARGETS_DN	0.482897384305835	0.624461052026444	-0.179934577947981	-0.966636517301579	239	20
ABBUD_LIF_SIGNALING_1_UP	0.0406189555125725	0.118449236041696	-0.232570675610925	-1.59355925584569	20	32
YAO_HOXA10_TARGETS_VIA_PROGESTERONE_DN	0.514910536779324	0.644751090001776	-0.256472255435986	-0.940225702073625	258	9
MARCINIAK_ER_STRESS_RESPONSE_VIA_CHOP	0.25	0.397893772893773	0.231557953519619	1.21938563250014	120	19
LIAN_NEUTROPHIL_GRANULE_CONSTITUENTS	0.889312977099237	0.926265607796285	0.172257653061224	0.671158483779512	465	10
MA_MYELOID_DIFFERENTIATION_UP	0.451745379876797	0.593898237689767	0.150122431597999	0.990411712291683	219	30
XU_CREBBP_TARGETS_UP	0.206692913385827	0.349112822229662	0.218190523169776	1.24353067543095	104	22
XU_CREBBP_TARGETS_DN	0.123046875	0.252188052771226	-0.207482965104274	-1.35933369005238	62	29
IGLESIAS_E2F_TARGETS_DN	0.742632612966601	0.820895100945927	-0.279480436688182	-0.77531736679124	377	5
HANSON_HRAS_SIGNALING_VIA_NFKB	0.297071129707113	0.442086731842173	0.241619480554005	1.13639587675301	141	15
BRUNO_HEMATOPOIESIS	0.0736434108527132	0.180270771918332	0.17492227327801	1.55543769255975	37	56
LEE_AGING_NEOCORTEX_DN	0.829025844930418	0.883955164717218	-0.0923169006623009	-0.720132048949618	416	43
MCCLUNG_DELTA_FOSB_TARGETS_8WK	0.910714285714286	0.931049975807009	0.0848249527808154	0.651551553258819	458	41
MODY_HIPPOCAMPUS_POSTNATAL	0.00400801603206413	0.0212794612794613	0.276757383734871	2.15935676257174	1	43
SCHLINGEMANN_SKIN_CARCINOGENESIS_TPA_UP	0.923847695390782	0.940074528447997	0.101564324762217	0.637553411457337	460	27
JIANG_AGING_CEREBRAL_CORTEX_UP	0.529774127310062	0.656738540131874	0.141413818801235	0.932957859327028	257	30
RUAN_RESPONSE_TO_TNF_UP	0.00836820083682008	0.036913535671049	-0.504336734693878	-1.92450749467263	3	10
LEE_CALORIE_RESTRICTION_NEOCORTEX_UP	0.932405566600398	0.947673026170463	0.0745142331680793	0.620099836955802	468	48
HU_GENOTOXIN_ACTION_DIRECT_VS_INDIRECT_4HR	0.761806981519507	0.83481748668405	0.116671989779623	0.769727108361432	370	30
MCCLUNG_CREB1_TARGETS_DN	0.443775100401606	0.584303882195448	-0.129516035030885	-0.987843129360166	220	41
VIETOR_IFRD1_TARGETS	0.002	0.0116829340431825	0.466140816815037	2.62016782050127	0	21
JIANG_AGING_HYPOTHALAMUS_DN	0.204081632653061	0.346380739795918	0.187437538715672	1.21724390641275	99	29
MODY_HIPPOCAMPUS_NEONATAL	0.00408163265306122	0.02128649813835	0.331890701355909	2.15534164921658	1	29
MCCLUNG_COCAINE_REWARD_5D	0.909819639278557	0.931049975807009	-0.0738103703703703	-0.638803713993882	453	54
DELASERNA_MYOD_TARGETS_DN	0.109561752988048	0.240300255911351	0.164511105569957	1.39388747542979	54	51
YAMAZAKI_TCEB3_TARGETS_UP	0.113320079522863	0.244355208698183	0.0954960575119463	1.36772204050175	56	152
HU_GENOTOXIN_ACTION_DIRECT_VS_INDIRECT_24HR	0.784	0.850556803995006	-0.0954779225624217	-0.759120010556844	391	45
LEE_AGING_CEREBELLUM_DN	0.743434343434343	0.820895100945927	0.0964736343392381	0.790872241795108	367	47
MCCLUNG_DELTA_FOSB_TARGETS_2WK	0.0102669404517454	0.042894092560417	0.285648887469392	1.88452851943111	4	30
CUI_TCF21_TARGETS_DN	0.628282828282828	0.741083737936822	-0.142421581929923	-0.85213285132779	310	25
SIMBULAN_PARP1_TARGETS_UP	0.601202404809619	0.717644079367526	0.140665052375757	0.883001823966748	299	27
ULE_SPLICING_VIA_NOVA2	0.770588235294118	0.839228753702438	-0.116796706962415	-0.785293879563568	392	31
IVANOVA_HEMATOPOIESIS_STEM_CELL	0.0101214574898785	0.0426632889517301	-0.13588836431476	-1.89614673988925	4	143
BURTON_ADIPOGENESIS_12	0.001953125	0.0116829340431825	-0.446224887643305	-3.10542672692195	0	33
LEE_CALORIE_RESTRICTION_MUSCLE_UP	0.112224448897796	0.243636470952796	0.220844457453382	1.38631490516468	55	27
LEE_AGING_MUSCLE_DN	0.371134020618557	0.516024742268041	0.157587645743491	1.07447932549393	179	32
GERHOLD_ADIPOGENESIS_DN	0.0276679841897233	0.0910737812911726	0.193636648234173	1.72264490953032	13	57
RUAN_RESPONSE_TO_TNF_TROGLITAZONE_UP	0.00194174757281553	0.0116829340431825	-0.525541125541126	-2.3822178035353	0	14
BURTON_ADIPOGENESIS_2	0.0277777777777778	0.0910901467505241	0.183579726941233	1.79379626423945	13	68
PAL_PRMT5_TARGETS_DN	0.308943089430894	0.454142390893888	0.222808721478541	1.11808465521389	151	17
CHEN_ETV5_TARGETS_SERTOLI	0.209163346613546	0.350893722407667	-0.305994651127395	-1.23453168505133	104	11
IVANOVA_HEMATOPOIESIS_STEM_CELL_SHORT_TERM	0.102766798418972	0.230165844912595	-0.287117163821981	-1.40386171906636	51	16
SARTIPY_NORMAL_AT_INSULIN_RESISTANCE_UP	0.153846153846154	0.288714415611667	0.201067493898406	1.28600440283458	75	28
MULLIGAN_NTF3_SIGNALING_VIA_INSR_AND_IGF1R_UP	0.022	0.0754185536427185	0.306706485354854	1.72399076475791	10	21
CHEN_PDGF_TARGETS	0.0569105691056911	0.152170106316448	0.307827653674535	1.54472129160859	27	17
MCCLUNG_CREB1_TARGETS_UP	0.259036144578313	0.407056798623064	0.118027646816497	1.15912261408629	128	70
TSENG_IRS1_TARGETS_DN	0.410852713178295	0.561337513061651	0.0837707786526684	1.01934673039124	211	108
MCCLUNG_COCAIN_REWARD_4WK	0.233201581027668	0.378186400653931	0.140159113003458	1.2003893558807	117	52
IVANOVA_HEMATOPOIESIS_INTERMEDIATE_PROGENITOR	0.0306513409961686	0.0972117347652208	0.130553895198247	1.70437531365315	15	126
LEE_CALORIE_RESTRICTION_NEOCORTEX_DN	0.0597609561752988	0.156895078297084	0.182045720791716	1.54245665840021	29	51
BURTON_ADIPOGENESIS_7	0.125773195876289	0.254178853991848	0.169988598601243	1.36210327297119	60	46
RAMPON_ENRICHED_LEARNING_ENVIRONMENT_EARLY_UP	0.577689243027888	0.697842363968907	-0.225239720814942	-0.908726904387601	289	11
SARTIPY_BLUNTED_BY_INSULIN_RESISTANCE_DN	0.422680412371134	0.569471749380644	0.200471530879955	1.03019493324693	204	18
TSENG_IRS1_TARGETS_UP	0.00193798449612403	0.0116829340431825	0.291996516512414	3.33401220399845	0	94
TSENG_ADIPOGENIC_POTENTIAL_DN	0.387878787878788	0.536730360934183	0.144871083434637	1.05341085747069	191	37
ZAMORA_NOS2_TARGETS_DN	0.02	0.0712295081967213	0.19219510679166	1.86341041535017	9	67
BURTON_ADIPOGENESIS_PEAK_AT_8HR	0.0828282828282828	0.198833640270104	0.200155896089427	1.45540703588723	40	37
SAFFORD_T_LYMPHOCYTE_ANERGY	0.728952772073922	0.812128152477228	0.0860350648822357	0.784391479525618	354	61
MCDOWELL_ACUTE_LUNG_INJURY_DN	0.278884462151394	0.423689855960772	0.161145727929559	1.15650748954736	139	36
RAMPON_ENRICHED_LEARNING_ENVIRONMENT_LATE_UP	0.0123711340206186	0.049089111707386	0.34381869105864	1.76683577927234	5	18
SARTIPY_NORMAL_AT_INSULIN_RESISTANCE_DN	0.00197628458498024	0.0116829340431825	-0.480260009570904	-2.3482352418787	0	16
HAN_JNK_SINGALING_DN	0.1171875	0.246699193563909	-0.209346823594191	-1.37154484019456	59	29
LEE_CALORIE_RESTRICTION_MUSCLE_DN	0.222222222222222	0.365740740740741	0.158781209006048	1.21961922718101	111	41
LEE_AGING_MUSCLE_UP	0.220647773279352	0.364530256615508	0.188442325676878	1.20525528916822	108	28
CARDOSO_RESPONSE_TO_GAMMA_RADIATION_AND_3AB	0.195071868583162	0.338358191215106	0.289634613851184	1.25782236530952	94	13
MULLIGAN_NTF3_SIGNALING_VIA_INSR_AND_IGF1R_DN	0.161354581673307	0.295193960998113	-0.324338819914041	-1.30854101011504	80	11
CHEN_ETV5_TARGETS_TESTIS	0.903225806451613	0.931049975807009	0.130533179135428	0.637714304943868	447	16
JIANG_AGING_CEREBRAL_CORTEX_DN	0.382936507936508	0.531584385617932	0.135683279633084	1.04220101158937	192	41
JIANG_AGING_HYPOTHALAMUS_UP	0.30938123752495	0.454142390893888	0.139303102972168	1.09775710405382	154	44
TSENG_ADIPOGENIC_POTENTIAL_UP	0.0649606299212598	0.165544831089662	0.256936685288641	1.52379286426456	32	24
DURCHDEWALD_SKIN_CARCINOGENESIS_UP	0.0182555780933063	0.0658211442325495	0.192608519403812	1.80398541212122	8	63
CLASPER_LYMPHATIC_VESSELS_DURING_METASTASIS_UP	0.0123711340206186	0.049089111707386	0.344891157909665	1.77234703521552	5	18
TUOMISTO_TUMOR_SUPPRESSION_BY_COL13A1_UP	0.131212723658052	0.262123808870912	-0.373402417962004	-1.3688909546473	65	9
TUOMISTO_TUMOR_SUPPRESSION_BY_COL13A1_DN	0.508910891089109	0.640005158258228	-0.292716528709196	-0.950212558437987	256	7
HOWLIN_CITED1_TARGETS_1_UP	0.00404040404040404	0.0212794612794613	-0.333166254290047	-1.99339107449367	1	25
HOWLIN_CITED1_TARGETS_1_DN	0.323017408123791	0.464738621952938	-0.160123183197572	-1.09715371462756	166	32
HOWLIN_CITED1_TARGETS_2_UP	0.429126213592233	0.573708737864078	-0.228830972870523	-1.00355502751249	220	13
HOWLIN_CITED1_TARGETS_2_DN	0.441860465116279	0.583551282957517	-0.235262850156806	-1.00177059796549	227	12
LEIN_NEURON_MARKERS	0.200400801603206	0.342818546973126	-0.162793671088381	-1.22731621206908	99	40
LEIN_ASTROCYTE_MARKERS	0.437869822485207	0.580929581281901	0.166238327081172	1.00845474027221	221	25
LEIN_OLIGODENDROCYTE_MARKERS	0.0435643564356436	0.125772178546758	0.186531286139255	1.63490908090058	21	55
LEIN_MIDBRAIN_MARKERS	0.0688976377952756	0.172046112770386	0.181073692971791	1.52282018681533	34	49
LEIN_PONS_MARKERS	0.112403100775194	0.243636470952796	0.163397572182978	1.45295815040214	57	56
LEIN_MEDULLA_MARKERS	0.268924302788845	0.415067303517152	0.137521504642807	1.16520706769157	134	51
LEIN_CEREBELLUM_MARKERS	0.166336633663366	0.300512546057101	0.146469899410135	1.28377911062839	83	55
LEIN_LOCALIZED_TO_DISTAL_AND_PROXIMAL_DENDRITES	0.00617283950617284	0.0289956623289957	0.449808642959656	1.87591743239825	2	12
LEIN_LOCALIZED_TO_PROXIMAL_DENDRITES	0.00400801603206413	0.0212794612794613	0.353488565748249	2.03372375519286	1	23
GAVIN_FOXP3_TARGETS_CLUSTER_T7	0.00193798449612403	0.0116829340431825	0.191742085311294	2.18930848930449	0	94
GAVIN_FOXP3_TARGETS_CLUSTER_P2	0.146292585170341	0.277572612473856	-0.153262222222222	-1.32643253623088	72	54
GAVIN_FOXP3_TARGETS_CLUSTER_P3	0.00417536534446764	0.0214697780138602	-0.166423634234276	-2.05073233611651	1	112
GAVIN_PDE3B_TARGETS	0.117529880478088	0.246699193563909	-0.343530980699122	-1.38597154854598	58	11
MARSON_FOXP3_TARGETS_STIMULATED_UP	0.24901185770751	0.397778132992327	-0.240997368001276	-1.17835860047193	125	16
MARSON_FOXP3_TARGETS_STIMULATED_DN	0.105367793240557	0.234781057246266	-0.395155218989416	-1.44863658866646	52	9
MARSON_FOXP3_CORE_DIRECT_TARGETS	0.736641221374046	0.818594912243025	-0.168163330409124	-0.793398129721572	385	15
ZHENG_FOXP3_TARGETS_IN_THYMUS_DN	0.905432595573441	0.931049975807009	0.19254460371859	0.63314723054473	449	7
ZHENG_FOXP3_TARGETS_IN_T_LYMPHOCYTE_UP	0.956066945606695	0.966072297363044	-0.14547193877551	-0.555108952370797	456	10
ZHENG_FOXP3_TARGETS_IN_T_LYMPHOCYTE_DN	0.0135922330097087	0.0534463822870448	-0.273139572021718	-1.81408108693127	6	30
ZHENG_FOXP3_TARGETS_DN	0.0589390962671906	0.156481297501366	-0.554243366005259	-1.5375477159861	29	5
SANSOM_APC_TARGETS	0.00587084148727984	0.0289956623289957	0.131670078784454	1.97267615792885	2	165
SANSOM_APC_MYC_TARGETS	0.00200400801603206	0.0116829340431825	0.217574480003538	3.77522501279162	0	220
SANSOM_APC_TARGETS_REQUIRE_MYC	0.00198412698412698	0.0116829340431825	0.276712047386082	4.60764169174488	0	205
SANSOM_WNT_PATHWAY_REQUIRE_MYC	0.139763779527559	0.271104295556805	0.158436217349795	1.33244021339155	70	49
WANG_LSD1_TARGETS_UP	0.144554455445545	0.276083124795996	0.246058720280836	1.33910423618615	72	20
WANG_LSD1_TARGETS_DN	0.887323943661972	0.926265607796285	-0.125538535184299	-0.674412521604236	440	20
GAZIN_EPIGENETIC_SILENCING_BY_KRAS	0.158301158301158	0.291448530855311	-0.251162009531207	-1.32536332962314	81	19
JEPSEN_SMRT_TARGETS	0.200404858299595	0.342818546973126	0.192508154467279	1.23125985919718	98	28
ZHANG_GATA6_TARGETS_UP	0.525150905432596	0.653805353611641	0.282423800794726	0.928698306052985	260	7
MCGOWAN_RSP6_TARGETS_UP	0.209163346613546	0.350893722407667	-0.30542207533358	-1.23222163499995	104	11
STEARMAN_LUNG_CANCER_EARLY_VS_LATE_UP	0.00411522633744856	0.02128649813835	-0.180159011734971	-2.30372681306347	1	119
COATES_MACROPHAGE_M1_VS_M2_UP	0.109780439121756	0.240300255911351	-0.138257889885173	-1.38025516805238	54	71
COATES_MACROPHAGE_M1_VS_M2_DN	0.121703853955375	0.2507260360795	0.148607314726921	1.39186692640433	59	63
IWANAGA_CARCINOGENESIS_BY_KRAS_PTEN_UP	0.197916666666667	0.342109821583232	-0.0965382827307514	-1.24499622038016	94	126
IWANAGA_CARCINOGENESIS_BY_KRAS_UP	0.0333333333333333	0.104196642685851	-0.128777312877731	-1.66076361903647	15	126
IWANAGA_CARCINOGENESIS_BY_KRAS_DN	0.266806722689076	0.413483321615499	-0.105701888579205	-1.16412850344814	126	91
POS_RESPONSE_TO_HISTAMINE_DN	0.490458015267176	0.628370142346549	0.246890943877551	0.961948271133445	256	10
POS_HISTAMINE_RESPONSE_NETWORK	0.0673469387755102	0.170625334681978	0.233513662330511	1.51646828316026	32	29
OUYANG_PROSTATE_CANCER_PROGRESSION_DN	0.0639175257731959	0.164258097774723	0.297640572927746	1.52953294072708	30	18
OUYANG_PROSTATE_CANCER_MARKERS	0.754352030947776	0.829787234042553	-0.147894065092533	-0.76750142112956	389	18
WORSCHECH_TUMOR_REJECTION_DN	0.0681362725450902	0.171128383935501	0.413630928656835	1.49326588528168	33	9
NADELLA_PRKAR1A_TARGETS_DN	0.507128309572301	0.638687682635261	0.31030177451918	0.94938653105163	248	6
ZHANG_BREAST_CANCER_PROGENITORS_DN	0.860082304526749	0.903762421564383	-0.0539092355880833	-0.689347428696597	417	119
ZHENG_GLIOBLASTOMA_PLASTICITY_DN	0.0622489959839357	0.161959214101917	0.204544290441214	1.5203022478096	30	39
ZHENG_IL22_SIGNALING_UP	0.0636182902584493	0.164048350844488	-0.236422660386898	-1.48182219874485	31	27
ZHENG_IL22_SIGNALING_DN	0.945098039215686	0.957214680744092	0.0982967383829453	0.612099935241319	481	26
MATZUK_MALE_REPRODUCTION_SERTOLI	0.892156862745098	0.926265607796285	-0.132558215916182	-0.669244154938397	454	17
MATZUK_SPERMATOGONIA	0.462135922330097	0.604741229330872	-0.215379357484621	-0.976289989457173	237	14
LIN_TUMOR_ESCAPE_FROM_IMMUNE_ATTACK	0.258252427184466	0.406560433375545	-0.25622009569378	-1.16141638384012	132	14
LIN_NPAS4_TARGETS_UP	0.272357723577236	0.417423036664229	-0.0829580975790081	-1.1428881335673	133	141
CADWELL_ATG16L1_TARGETS_DN	0.48496993987976	0.626006450771365	-0.108705130469336	-0.976149471571409	241	58
BREDEMEYER_RAG_SIGNALING_NOT_VIA_ATM_UP	0.112426035502959	0.243636470952796	-0.169680298181954	-1.37957964033971	56	47
BREDEMEYER_RAG_SIGNALING_NOT_VIA_ATM_DN	0.156	0.290247160988644	-0.155443477879035	-1.30669243291417	77	51
BREDEMEYER_RAG_SIGNALING_VIA_ATM_NOT_VIA_NFKB_UP	0.0251450676982592	0.0846940458518885	-0.213421671000125	-1.72374707280341	12	46
BREDEMEYER_RAG_SIGNALING_VIA_ATM_NOT_VIA_NFKB_DN	0.730693069306931	0.813024682749965	-0.111458012392592	-0.800302981610345	368	35
MATTHEWS_SKIN_CARCINOGENESIS_VIA_JUN	0.273662551440329	0.418684431693039	0.273932918726413	1.14243144410344	132	12
MATTHEWS_AP1_TARGETS	0.0143737166324435	0.0547840340069887	0.386682615629984	1.75317792298293	6	14
QI_PLASMACYTOMA_DN	0.00196850393700787	0.0116829340431825	0.261295545925312	2.78374316266794	0	82
KRISHNAN_FURIN_TARGETS_DN	0.346379647749511	0.489437258364756	-0.363059186058867	-1.08908702046184	176	6
YAUCH_HEDGEHOG_SIGNALING_PARACRINE_UP	0.284253578732106	0.430342090449827	-0.109611479682015	-1.14449615132913	138	78
WANG_TUMOR_INVASIVENESS_DN	0.80439121756487	0.862982676622065	0.0453806873298098	0.744143561823303	402	199
WANG_NEOPLASTIC_TRANSFORMATION_BY_CCND1_MYC	0.0826446280991736	0.198833640270104	0.276976046018517	1.45855759186032	39	19
SASAI_TARGETS_OF_CXCR6_AND_PTCH1_UP	0.0523012552301255	0.143698483769207	-0.413345025510204	-1.57729061707726	24	10
BOYLAN_MULTIPLE_MYELOMA_C_CLUSTER_UP	0.592156862745098	0.710026312145132	-0.13325159126562	-0.895929874946482	301	31
BOYLAN_MULTIPLE_MYELOMA_C_CLUSTER_DN	0.00404040404040404	0.0212794612794613	-0.337754010695187	-2.02084041113026	1	25
BOYLAN_MULTIPLE_MYELOMA_D_CLUSTER_UP	0.324	0.465381818181818	0.196042447937445	1.10195051582837	161	21
BOYLAN_MULTIPLE_MYELOMA_D_CLUSTER_DN	0.225609756097561	0.369712862402921	0.181603913315628	1.22294446637976	110	31
BOYLAN_MULTIPLE_MYELOMA_D_UP	0.651072124756335	0.75740518930824	0.0797613469142805	0.841857513950878	333	78
BOYLAN_MULTIPLE_MYELOMA_D_DN	0.211650485436893	0.353700522778193	-0.129027009223526	-1.20423535143722	108	61
BOYLAN_MULTIPLE_MYELOMA_C_D_UP	0.125475285171103	0.254167885346593	0.10553082282492	1.37244586285733	65	123
BOYLAN_MULTIPLE_MYELOMA_C_UP	0.997991967871486	0.997991967871486	-0.0576727033153812	-0.439880542267534	496	41
BOYLAN_MULTIPLE_MYELOMA_C_DN	0.082	0.197938888888889	-0.17381710742363	-1.46114524765224	40	51
LUDWICZEK_TREATING_IRON_OVERLOAD	0.0900195694716243	0.209536720499823	-0.479598342365317	-1.43867542748357	45	6
SEKI_INFLAMMATORY_RESPONSE_LPS_DN	0.139112903225806	0.270445442736523	0.27094632317754	1.32369675899026	68	16
PIONTEK_PKD1_TARGETS_UP	0.566	0.68743998777933	0.160068846815835	0.899743653339023	282	21
MARSHALL_VIRAL_INFECTION_RESPONSE_UP	0.262425447316103	0.409323412304137	-0.319268411496391	-1.17043602177877	131	9
MARSHALL_VIRAL_INFECTION_RESPONSE_DN	0.524752475247525	0.653805353611641	0.173288654858784	0.943073960311374	264	20
SCHRAETS_MLL_TARGETS_UP	0.533066132264529	0.659878160880165	0.147497701261571	0.925892658092211	265	27
VANASSE_BCL2_TARGETS_UP	0.91340206185567	0.931627220366875	0.121596468836418	0.624867109789311	442	18
VANASSE_BCL2_TARGETS_DN	0.02734375	0.0903487404942966	-0.216512148337596	-1.68377809766873	13	42
HOFFMANN_PRE_BI_TO_LARGE_PRE_BII_LYMPHOCYTE_UP	0.336633663366337	0.477361254452841	0.198603797670337	1.08084438738633	169	20
HOFFMANN_PRE_BI_TO_LARGE_PRE_BII_LYMPHOCYTE_DN	0.621782178217822	0.737146947982656	-0.0946032650348275	-0.862061436268254	313	59
HOFFMANN_LARGE_TO_SMALL_PRE_BII_LYMPHOCYTE_DN	0.298210735586481	0.442086731842173	-0.14504445390382	-1.13144136154032	149	43
HOFFMANN_SMALL_PRE_BII_TO_IMMATURE_B_LYMPHOCYTE_UP	0.428571428571429	0.573708737864078	0.1300286726195	0.998767235772381	215	41
HOFFMANN_SMALL_PRE_BII_TO_IMMATURE_B_LYMPHOCYTE_DN	0.131889763779528	0.262270491360205	0.228431763766959	1.35474111533909	66	24
HOFFMANN_IMMATURE_TO_MATURE_B_LYMPHOCYTE_UP	0.58989898989899	0.710003077870114	-0.146642190118924	-0.877385476960055	291	25
HOFFMANN_IMMATURE_TO_MATURE_B_LYMPHOCYTE_DN	0.0530612244897959	0.144546094299789	0.228992262695641	1.57558488838572	25	33
MCMURRAY_TP53_HRAS_COOPERATION_RESPONSE_UP	0.028	0.0914736842105263	0.301261811674323	1.69338636742508	13	21
MCMURRAY_TP53_HRAS_COOPERATION_RESPONSE_DN	0.165338645418327	0.299956749203603	0.160186887663105	1.28420849929907	82	45
MIKKELSEN_PLURIPOTENT_STATE_UP	0.656188605108055	0.761318955726168	-0.308247669136983	-0.855121646390817	333	5
MIKKELSEN_PLURIPOTENT_STATE_DN	0.48605577689243	0.626006450771365	-0.27702056432329	-0.951042795889417	243	8
MIKKELSEN_DEDIFFERENTIATED_STATE_UP	0.742393509127789	0.820895100945927	0.279655749462109	0.789162025809149	365	5
ELLWOOD_MYC_TARGETS_UP	0.226337448559671	0.369712862402921	0.284856216446075	1.18798682622496	109	12
ELLWOOD_MYC_TARGETS_DN	0.536144578313253	0.661803463855422	0.123699765409714	0.919414719424573	266	39
MEISSNER_ES_ICP_WITH_H3K4ME3	0.539078156312625	0.661883667180277	0.160155856953017	0.921423781075259	268	23
MEISSNER_NPC_HCP_WITH_H3K27ME3	0.690427698574338	0.790735187674491	0.268542131548188	0.821620447085089	338	6
MEISSNER_NPC_ICP_WITH_H3K4ME3	0.528957528957529	0.656662989520132	-0.179757730984821	-0.948568238119393	273	19
MEISSNER_NPC_HCP_WITH_H3K4ME3_AND_H3K27ME3	0.609126984126984	0.725111437268971	0.0972642280012362	0.871955157651126	306	58
MEISSNER_NPC_HCP_WITH_H3_UNMETHYLATED	0.00204498977505112	0.0116829340431825	0.138940946279525	2.45845827967057	0	236
MEISSNER_NPC_ICP_WITH_H3_UNMETHYLATED	0.106	0.235585677749361	0.409752112227005	1.42208529626012	52	8
MEISSNER_BRAIN_HCP_WITH_H3K27ME3	0.00198412698412698	0.0116829340431825	0.468368908849304	3.44878607945768	0	38
MEISSNER_BRAIN_ICP_WITH_H3K4ME3	0.244488977955912	0.393446151562384	0.203713919913397	1.17202613701059	121	23
MILI_PSEUDOPODIA	0.00788954635108481	0.035895370571166	-0.258258779338889	-2.09976383665272	3	47
MILI_PSEUDOPODIA_CHEMOTAXIS_UP	0.00202429149797571	0.0116829340431825	-0.223808648445689	-2.3815489193681	0	82
IRITANI_MAD1_TARGETS_UP	0.199203187250996	0.342109821583232	-0.363701578192253	-1.24862847867743	99	8
CHEN_LIVER_METABOLISM_QTL_CIS	0.655378486055777	0.761318955726168	-0.0887263052081628	-0.85367984584345	328	67
MEISSNER_NPC_HCP_WITH_H3K4ME2_AND_H3K27ME3	0.260355029585799	0.407914928957013	0.109248863940123	1.17113928003531	131	84
MEISSNER_BRAIN_HCP_WITH_H3K4ME2_AND_H3K27ME3	0.0502092050209205	0.140103441159779	0.328734348831645	1.5461185402055	23	15
MEISSNER_NPC_HCP_WITH_H3K4ME2	0.00614754098360656	0.0289956623289957	0.114338402982023	2.07402756446447	2	248
MEISSNER_BRAIN_HCP_WITH_H3K4ME2	0.203665987780041	0.34635174829913	0.410184890022314	1.25498479804539	99	6
MIKKELSEN_MCV6_HCP_WITH_H3K27ME3	0.121673003802281	0.2507260360795	0.12308344788486	1.38563365979383	63	91
MIKKELSEN_MCV6_ICP_WITH_H3K4ME3_AND_H3K27ME3	0.172839506172839	0.30652557319224	0.302025195343645	1.25958968960818	83	12
MIKKELSEN_MCV6_ICP_WITH_H3K27ME3	0.102510460251046	0.230165844912595	0.300853337586729	1.41498728313227	48	15
MIKKELSEN_MCV6_LCP_WITH_H3K4ME3	0.0975609756097561	0.221232179226069	-0.121209688210893	-1.41504013337555	47	99
MIKKELSEN_MEF_ICP_WITH_H3K4ME3_AND_H3K27ME3	0.43	0.573993855606759	0.25445558188921	1.02059768628921	214	11
MIKKELSEN_MEF_ICP_WITH_H3K27ME3	0.23495145631068	0.379503374598477	-0.179197274566166	-1.19015485092092	120	30
MIKKELSEN_MEF_LCP_WITH_H3K27ME3	0.326335877862595	0.465658255932012	0.281744260204082	1.09774542455274	170	10
MIKKELSEN_MEF_LCP_WITH_H3K4ME3	0.03515625	0.107029956345025	0.13709508262681	1.62407750495789	17	103
MIKKELSEN_IPS_ICP_WITH_H3K4ME3_AND_H327ME3	0.0721442885771543	0.177397819562147	0.190827420706987	1.48890149136005	35	43
MIKKELSEN_IPS_ICP_WITH_H3K27ME3	0.411650485436893	0.561337513061651	-0.232130918280348	-1.01802718032032	211	13
MIKKELSEN_IPS_LCP_WITH_H3K4ME3	0.473577235772358	0.616075775278711	-0.0898642751671203	-0.97248436849337	232	85
MARSON_FOXP3_TARGETS_UP	0.695564516129032	0.793235648971298	-0.0928054311982244	-0.822181932085555	344	57
MARSON_FOXP3_TARGETS_DN	0.562874251497006	0.686027664166758	-0.113436523508466	-0.896767987278648	281	44
LIANG_HEMATOPOIESIS_STEM_CELL_NUMBER_QTL	0.320328542094456	0.462401167907113	0.253537627351518	1.10106072575326	155	13
BOYLAN_MULTIPLE_MYELOMA_PCA1_DN	0.526	0.653925608011445	0.270823369998406	0.939919333826351	262	8
BOYLAN_MULTIPLE_MYELOMA_PCA3_UP	0.168627450980392	0.303389761701782	-0.133463712920922	-1.26315242908081	85	63
BOYLAN_MULTIPLE_MYELOMA_PCA3_DN	0.103792415169661	0.231865318206774	-0.163772558572673	-1.40015420948618	51	53
BYSTRYKH_HEMATOPOIESIS_STEM_CELL_IL3RA	0.786150712830957	0.851826645199628	0.244793326957815	0.748959582539232	385	6
BYSTRYKH_HEMATOPOIESIS_STEM_CELL_SCP2_QTL_TRANS	0.226305609284333	0.369712862402921	-0.235331135219457	-1.2212591533268	116	18
MIKKELSEN_ES_ICP_WITH_H3K27ME3	0.143737166324435	0.275629955947137	0.294702665755297	1.33615059628334	69	14
MIKKELSEN_ES_ICP_WITH_H3K4ME3	0.0019723865877712	0.0116829340431825	-0.0946438721377145	-2.36850701013838	0	490
MIKKELSEN_ES_ICP_WITH_H3K4ME3_AND_H3K27ME3	0.00992063492063492	0.0421374193861223	0.241549763855347	1.85537531905171	4	41
MIKKELSEN_ES_LCP_WITH_H3K4ME3	0.258	0.406560433375545	0.119092214111631	1.15464787770734	128	67
MIKKELSEN_NPC_HCP_WITH_H3K27ME3	0.0243407707910751	0.0823040070717674	0.189951961569255	1.78977525509442	11	64
MIKKELSEN_NPC_HCP_WITH_H3K4ME3_AND_H3K27ME3	0.937751004016064	0.951992549637803	0.0563092823709088	0.594944453596484	466	81
MIKKELSEN_NPC_ICP_WITH_H3K4ME3	0.00196850393700787	0.0116829340431825	-0.138020078061939	-3.04517533096155	0	376
MIKKELSEN_NPC_LCP_WITH_H3K4ME3	0.641025641025641	0.752772002772003	-0.116574431745799	-0.852264836450924	324	37
MIKKELSEN_MEF_HCP_WITH_H3K27ME3	0.250505050505051	0.397968718261223	-0.111846316703254	-1.16522293218456	123	77
YAO_TEMPORAL_RESPONSE_TO_PROGESTERONE_CLUSTER_0	0.00592885375494071	0.0289956623289957	-0.219023407799504	-2.16503918576232	2	69
YAO_TEMPORAL_RESPONSE_TO_PROGESTERONE_CLUSTER_1	0.2625250501002	0.409323412304137	-0.1260734469513	-1.13211334266705	130	58
YAO_TEMPORAL_RESPONSE_TO_PROGESTERONE_CLUSTER_2	0.0562248995983936	0.150800733799395	-0.217864291601487	-1.60704530308343	27	38
YAO_TEMPORAL_RESPONSE_TO_PROGESTERONE_CLUSTER_3	0.198807157057654	0.342109821583232	-0.337584695097648	-1.2375834041695	99	9
YAO_TEMPORAL_RESPONSE_TO_PROGESTERONE_CLUSTER_4	0.0220440881763527	0.0754185536427185	0.466896948762234	1.68556371689308	10	9
YAO_TEMPORAL_RESPONSE_TO_PROGESTERONE_CLUSTER_6	0.500994035785288	0.634641132795066	-0.10178218878395	-0.93942535401178	251	60
YAO_TEMPORAL_RESPONSE_TO_PROGESTERONE_CLUSTER_7	0.0653061224489796	0.16593865616422	0.159629608060101	1.53168899306149	31	66
YAO_TEMPORAL_RESPONSE_TO_PROGESTERONE_CLUSTER_8	0.6285140562249	0.741083737936822	-0.11166922985461	-0.851722193676729	312	41
YAO_TEMPORAL_RESPONSE_TO_PROGESTERONE_CLUSTER_12	0.0844793713163065	0.200580802387624	0.142009242193552	1.45798580133552	42	75
RAMPON_ENRICHED_LEARNING_ENVIRONMENT_EARLY_DN	0.647294589178357	0.755455924766604	0.22981267437226	0.829656108550219	322	9
BAUS_TFF2_TARGETS_DN	0.0305498981670061	0.0972117347652208	0.549463393900754	1.68111557300504	14	6
KAMMINGA_SENESCENCE	0.0206185567010309	0.0719579348321119	0.248477679284459	1.69419454157236	9	32
GERHOLD_RESPONSE_TO_TZD_DN	0.901673640167364	0.931049975807009	-0.169355867346939	-0.646248059193621	430	10
ONGUSAHA_BRCA1_TARGETS_DN	0.0711297071129707	0.175601464435146	-0.396588010204082	-1.51334722504068	33	10
LI_INDUCED_T_TO_NATURAL_KILLER_DN	0.401151631477927	0.550743052528419	0.0886573118887413	1.04587148947063	208	101
KAMIKUBO_MYELOID_CEBPA_NETWORK	0.433009708737864	0.576241097845642	-0.222431077694236	-1.00825463049568	222	14
KAMIKUBO_MYELOID_MN1_NETWORK	0.0405405405405405	0.118449236041696	-0.310238700060882	-1.63710665183046	20	19
QI_HYPOXIA_TARGETS_OF_HIF1A_AND_FOXA2	0.00204498977505112	0.0116829340431825	0.323736139823341	2.24999036439709	0	34
PANGAS_TUMOR_SUPPRESSION_BY_SMAD1_AND_SMAD5_UP	0.0256916996047431	0.0862011079402384	0.13888706639489	1.68080921854888	12	109
PANGAS_TUMOR_SUPPRESSION_BY_SMAD1_AND_SMAD5_DN	0.739130434782609	0.820312066189128	-0.0617086182737062	-0.779926800165677	356	117
OHGUCHI_LIVER_HNF4A_TARGETS_UP	0.576771653543307	0.697842363968907	0.148796222399574	0.88245328481327	292	24
PHESSE_TARGETS_OF_APC_AND_MBD2_UP	0.194059405940594	0.337275247524752	-0.389950927370231	-1.26585358877991	97	7
PHESSE_TARGETS_OF_APC_AND_MBD2_DN	0.18019801980198	0.318276583755937	-0.396987327648043	-1.28869505912549	90	7
KANG_AR_TARGETS_DN	0.0376569037656904	0.112840859904776	0.336507430151261	1.58267725451539	17	15
BRUINS_UVC_RESPONSE_VIA_TP53_GROUP_A	0.116089613034623	0.246699193563909	0.0527541299341276	1.37403837438394	56	519
BRUINS_UVC_RESPONSE_VIA_TP53_GROUP_C	0.746124031007752	0.822819521504742	0.0872682486340672	0.776003654339472	384	56
BRUINS_UVC_RESPONSE_VIA_TP53_GROUP_D	0.354581673306773	0.499402713295925	-0.0680928236586961	-1.07410364720878	177	186
BRUINS_UVC_RESPONSE_MIDDLE	0.423664122137405	0.569913501760688	0.0878549049981509	0.994777238490108	221	92
STEGER_ADIPOGENESIS_DN	0.00206611570247934	0.0116829340431825	0.404975542166145	2.13260373969195	0	19
MAEKAWA_ATF2_TARGETS	0.939330543933054	0.952483363684742	-0.155707908163265	-0.594168569580578	448	10
CHENG_TAF7L_TARGETS	0.310344827586207	0.454788625923126	0.40173719021436	1.13366428361379	152	5
CHANGOLKAR_H2AFY_TARGETS_UP	0.0841683366733467	0.200580802387624	0.185280673937168	1.44562385595952	41	43
CHANGOLKAR_H2AFY_TARGETS_DN	0.586912065439673	0.707387773740743	0.128641232850968	0.894066181603278	286	34
BAKKER_FOXO3_TARGETS_UP	0.0161616161616162	0.060276585598474	-0.219539347408829	-1.81857511950712	7	50
BAKKER_FOXO3_TARGETS_DN	0.00192307692307692	0.0116829340431825	0.177328334174538	2.39451798308232	0	134
VANDESLUIS_COMMD1_TARGETS_GROUP_3_DN	0.189690721649485	0.331006500227715	0.250877472878111	1.28922396257646	91	18
VANDESLUIS_COMMD1_TARGETS_GROUP_4_UP	0.248062015503876	0.397743203843257	-0.276550789347791	-1.17757839551851	127	12
VANDESLUIS_NORMAL_EMBRYOS_DN	0.014	0.0540711111111111	0.454436737622578	1.82270351288405	6	11
KASLER_HDAC7_TARGETS_1_UP	0.00198412698412698	0.0116829340431825	0.186574148781669	2.75929186608433	0	160
KASLER_HDAC7_TARGETS_1_DN	0.262833675564682	0.409323412304137	0.25913647755753	1.17489727525831	127	14
KASLER_HDAC7_TARGETS_2_DN	0.334702258726899	0.476813545628976	0.165176195038859	1.0897268077587	162	30
BILANGES_SERUM_SENSITIVE_VIA_TSC1	0.308008213552361	0.454142390893888	0.250239234449761	1.13455811967838	149	14
TORCHIA_TARGETS_OF_EWSR1_FLI1_FUSION_TOP20_UP	0.10873786407767	0.239830466709379	-0.321916421828709	-1.41178809630734	55	13
TORCHIA_TARGETS_OF_EWSR1_FLI1_FUSION_TOP20_DN	0.294979079497908	0.441199346099281	0.242087354121807	1.13859640128056	140	15
TORCHIA_TARGETS_OF_EWSR1_FLI1_FUSION_UP	0.0335305719921105	0.104437516348186	-0.0996119350244235	-1.69991651405422	16	217
VANLOO_SP3_TARGETS_UP	0.044806517311609	0.128835344471947	0.523456593348209	1.60154623699789	21	6
VANLOO_SP3_TARGETS_DN	0.016	0.0599310344827586	0.195329112426177	1.89379588581615	7	67
RAFFEL_VEGFA_TARGETS_UP	0.625754527162978	0.739837665448473	0.264092725637318	0.86841996407575	310	7
TERAO_AOX4_TARGETS_HG_UP	0.00200400801603206	0.0116829340431825	0.359942524147841	2.25948023320478	0	27
TERAO_AOX4_TARGETS_HG_DN	0.233265720081136	0.378186400653931	0.427300980157782	1.20580287650134	114	5
TERAO_AOX4_TARGETS_SKIN_UP	0.890243902439024	0.926265607796285	-0.108599813341193	-0.662372967504866	437	26
TERAO_AOX4_TARGETS_SKIN_DN	0.011605415860735	0.047796712715539	-0.33231404665674	-1.72455536272388	5	18
GOBERT_CORE_OLIGODENDROCYTE_DIFFERENTIATION	0.072265625	0.177397819562147	-0.215753897089254	-1.50150280052088	36	33
IKEDA_MIR1_TARGETS_UP	0.00199600798403194	0.0116829340431825	-0.265150108746017	-2.26686964007902	0	53
IKEDA_MIR1_TARGETS_DN	0.724950884086444	0.810522469297327	-0.286269822296597	-0.794152061034686	368	5
IKEDA_MIR133_TARGETS_UP	0.25	0.397893772893773	-0.153410820850079	-1.19304982226668	127	42
IKEDA_MIR133_TARGETS_DN	0.454361054766734	0.595535077816428	0.352729301139533	0.995368664455923	223	5
IKEDA_MIR30_TARGETS_UP	0.00208768267223382	0.0117027580262874	-0.229572358601052	-2.82887380405944	0	112
IKEDA_MIR30_TARGETS_DN	0.319607843137255	0.462128478679325	-0.22033134861985	-1.11238270818888	162	17
KATSANOU_ELAVL1_TARGETS_DN	0.00191938579654511	0.0116829340431825	0.253623550416928	3.12208727387209	0	111
SERVITJA_ISLET_HNF1A_TARGETS_DN	0.853061224489796	0.900741438738314	0.0910478321763488	0.696168775155998	417	42
SERVITJA_LIVER_HNF1A_TARGETS_UP	0.00196078431372549	0.0116829340431825	0.22762429595027	2.64304159637549	0	99
KOHOUTEK_CCNT1_TARGETS	0.715705765407555	0.804590310658687	0.104754674764264	0.794700625583356	359	40
KOHOUTEK_CCNT2_TARGETS	0.674226804123711	0.77923409830432	0.119644425810573	0.815771194103029	326	32
PARK_OSTEOBLAST_DIFFERENTIATION_BY_PHENYLAMIL_UP	0.0260521042084168	0.0867405308701695	0.459891058854789	1.66027146800638	12	9
IM_SREBF1A_TARGETS	0.154158215010142	0.288714415611667	0.468579169654953	1.3222860158896	75	5
HUANG_GATA2_TARGETS_DN	0.004	0.0212794612794613	0.247160927962095	2.39632660331686	1	67
PLASARI_NFIC_TARGETS_BASAL_UP	0.0369609856262834	0.111138742246506	0.354739120528594	1.60834950781503	17	14
PLASARI_NFIC_TARGETS_BASAL_DN	0.767967145790554	0.838396293582904	0.176228125594205	0.765321778435153	373	13
PLASARI_TGFB1_SIGNALING_VIA_NFIC_1HR_UP	0.464705882352941	0.606350468115174	0.155350476471166	0.967377129211107	236	26
PLASARI_TGFB1_SIGNALING_VIA_NFIC_1HR_DN	0.00210084033613445	0.0117027580262874	-0.20992070594895	-2.31192347217155	0	91
PLASARI_TGFB1_SIGNALING_VIA_NFIC_10HR_UP	0.0542168674698795	0.146318192022749	-0.201318433706994	-1.53549351247187	26	41
PLASARI_TGFB1_SIGNALING_VIA_NFIC_10HR_DN	0.887775551102204	0.926265607796285	0.119408215451767	0.686990606939167	442	23
DELACROIX_RAR_TARGETS_DN	0.0752475247524752	0.183165543445101	0.278251156853359	1.51430236831581	37	20
SUZUKI_CTCFL_TARGETS_UP	0.119521912350598	0.248479765149927	-0.410310058982943	-1.40864064236505	59	8
GUILLAUMOND_KLF10_TARGETS_UP	0.269387755102041	0.415067303517152	0.168601597800544	1.1600659626011	131	33
GUILLAUMOND_KLF10_TARGETS_DN	0.164989939637827	0.299950329592618	-0.239979256422531	-1.28920586192144	81	20
BRIDEAU_IMPRINTED_GENES	0.257028112449799	0.406194331983806	-0.156603757716439	-1.15516559154066	127	38
FOSTER_KDM1A_TARGETS_UP	0.824324324324324	0.880021913805698	0.0602956645085899	0.699080369596749	426	97
FOSTER_KDM1A_TARGETS_DN	0.00199203187250996	0.0116829340431825	0.156511890854316	2.37808090788158	0	172
RAO_BOUND_BY_SALL4_ISOFORM_A	0.121756487025948	0.2507260360795	-0.112375537700411	-1.37324410511582	60	107
VANOEVELEN_MYOGENESIS_SIN3A_TARGETS	0.0181451612903226	0.0657006048387097	0.109677646202719	1.85834459756284	8	212
LIM_MAMMARY_LUMINAL_PROGENITOR_UP	0.52286282306163	0.653766608979218	-0.148541372856851	-0.931010180543236	262	27
LIM_MAMMARY_LUMINAL_PROGENITOR_DN	0.296296296296296	0.442086731842173	0.265800244511774	1.10851429829034	143	12
DURAND_STROMA_NS_UP	0.0968992248062016	0.2204330532895	0.107453036416721	1.45498028298935	49	135
QUINTENS_EMBRYONIC_BRAIN_RESPONSE_TO_IR	0.205588822355289	0.348258648395217	-0.119778673644043	-1.19577358989752	102	71
HOLLERN_EMT_BREAST_TUMOR_UP	0.0688336520076482	0.172046112770386	0.120176188945278	1.48824418676986	35	112
HOLLERN_EMT_BREAST_TUMOR_DN	0.443548387096774	0.584303882195448	-0.117605798456862	-0.994390582463483	219	52
HOLLERN_SQUAMOUS_BREAST_TUMOR	0.17	0.303971193415638	0.142009497892322	1.2987953143409	84	60
HOLLERN_PAPILLARY_BREAST_TUMOR	0.294234592445328	0.441191904047976	-0.307249457508525	-1.12637461079995	147	9
HOLLERN_MICROACINAR_BREAST_TUMOR_UP	0.18595041322314	0.326446280991736	0.248109503915353	1.30654620047627	89	19
HOLLERN_MICROACINAR_BREAST_TUMOR_DN	0.155339805825243	0.290247160988644	-0.293474327283433	-1.28705320305472	79	13
CHIARADONNA_NEOPLASTIC_TRANSFORMATION_KRAS_DN	0.001953125	0.0116829340431825	0.204973023493441	2.7255677256862	0	133
CHIARADONNA_NEOPLASTIC_TRANSFORMATION_CDC25_DN	0.00199203187250996	0.0116829340431825	0.201254094879473	2.85440823768133	0	149
MARKEY_RB1_CHRONIC_LOF_DN	0.0678294573643411	0.171128383935501	0.138285172833151	1.50291256923222	34	86
MARKEY_RB1_ACUTE_LOF_UP	0.00205338809034908	0.0116829340431825	0.193598427638644	3.3770929828913	0	226
GRAESSMANN_APOPTOSIS_BY_SERUM_DEPRIVATION_UP	0.00195694716242661	0.0116829340431825	-0.102065949714756	-2.47655252276125	0	456
GRAESSMANN_RESPONSE_TO_MC_AND_SERUM_DEPRIVATION_UP	0.00202429149797571	0.0116829340431825	-0.230001405285836	-3.522075434073	0	173
GRAESSMANN_APOPTOSIS_BY_DOXORUBICIN_UP	0.00196463654223969	0.0116829340431825	0.0762496653849152	2.71874752761247	0	1027
GRAESSMANN_APOPTOSIS_BY_DOXORUBICIN_DN	0.168316831683168	0.303389761701782	-0.0291733508496	-1.2670171208646	84	1688
GRAESSMANN_RESPONSE_TO_MC_AND_DOXORUBICIN_UP	0.00202839756592292	0.0116829340431825	0.115682819055	3.04643112313156	0	536
GRAESSMANN_RESPONSE_TO_MC_AND_DOXORUBICIN_DN	0.172344689378758	0.306273077853048	0.0414026167627513	1.26890472375008	85	747
GAUSSMANN_MLL_AF4_FUSION_TARGETS_F_UP	0.026	0.0867405308701695	-0.120073903951914	-1.7214622828955	12	149
GAUSSMANN_MLL_AF4_FUSION_TARGETS_G_UP	0.312	0.456444444444444	0.0771321941673479	1.10879721330769	155	153
BERENJENO_TRANSFORMED_BY_RHOA_DN	0.13184584178499	0.262270491360205	0.0600899180577947	1.32395314556181	64	371
MCBRYAN_PUBERTAL_BREAST_3_4WK_UP	0.00196850393700787	0.0116829340431825	0.182884797097995	2.5455900574423	0	143
MCBRYAN_PUBERTAL_BREAST_4_5WK_UP	0.00199203187250996	0.0116829340431825	0.215816845909103	3.27917526300531	0	172
MCBRYAN_PUBERTAL_BREAST_4_5WK_DN	0.141453831041257	0.273163064833006	0.0880462373871777	1.32427735813791	71	167
MCBRYAN_PUBERTAL_BREAST_5_6WK_UP	0.169230769230769	0.303846153846154	0.118895032310587	1.30260044686322	87	87
MCBRYAN_PUBERTAL_BREAST_5_6WK_DN	0.0482180293501048	0.135603454709518	-0.124735939091738	-1.5889035754485	22	120
MCBRYAN_PUBERTAL_BREAST_6_7WK_UP	0.229038854805726	0.373001040788264	-0.0811364396936948	-1.2015019452315	111	164
MCBRYAN_PUBERTAL_BREAST_6_7WK_DN	0.00193798449612403	0.0116829340431825	0.249074137576298	2.21480829495193	0	56
MCBRYAN_PUBERTAL_TGFB1_TARGETS_UP	0.0158102766798419	0.0599310344827586	0.124970536125442	1.80319799189586	7	155
MCBRYAN_PUBERTAL_TGFB1_TARGETS_DN	0.492783505154639	0.62974833232262	0.118887390331058	0.952633910847202	238	46
MCBRYAN_TERMINAL_END_BUD_UP	0.002	0.0116829340431825	0.646381316754344	2.24333039148401	0	8
RASHI_RESPONSE_TO_IONIZING_RADIATION_6	0.156312625250501	0.290247160988644	-0.159836611759689	-1.30156655623541	77	48
MARTORIATI_MDM4_TARGETS_FETAL_LIVER_DN	0.00200400801603206	0.0116829340431825	-0.110743960975948	-2.66334591329705	0	458
SHETH_LIVER_CANCER_VS_TXNIP_LOSS_PAM1	0.0202839756592292	0.0716535562921552	0.10630287038538	1.82117347641406	9	216
SCHAEFFER_PROSTATE_DEVELOPMENT_6HR_DN	0.595238095238095	0.712481962481962	-0.036809633084346	-0.860414568575187	299	426
SCHAEFFER_PROSTATE_DEVELOPMENT_12HR_UP	0.1237721021611	0.252483466615014	0.132901274664462	1.37734514468377	62	76
SCHAEFFER_PROSTATE_DEVELOPMENT_48HR_UP	0.0368852459016393	0.111138742246506	0.0816234570340249	1.62149687717213	17	291
SCHAEFFER_PROSTATE_DEVELOPMENT_48HR_DN	0.00803212851405622	0.0361240438975723	0.104879561487939	1.95863229739448	3	259
PASQUALUCCI_LYMPHOMA_BY_GC_STAGE_UP	0.0286885245901639	0.0928681022572002	0.0887562059944533	1.60998241141015	13	248
STARK_PREFRONTAL_CORTEX_22Q11_DELETION_DN	0.00202020202020202	0.0116829340431825	0.174440737833595	4.40484511951833	0	490
BYSTRYKH_HEMATOPOIESIS_STEM_CELL_QTL_TRANS	0.142	0.273609756097561	0.0493718443465991	1.35624424446158	70	590
BROWN_MYELOID_CELL_DEVELOPMENT_UP	0.772727272727273	0.840425531914894	-0.0613160333642261	-0.73190042485201	373	104
NADLER_OBESITY_UP	0.00986193293885602	0.0421374193861223	0.233422904670505	1.97038031547702	4	50
MATSUDA_NATURAL_KILLER_DIFFERENTIATION	0.00202020202020202	0.0116829340431825	0.12822093129107	2.79402676425575	0	365
HESS_TARGETS_OF_HOXA9_AND_MEIS1_DN	0.101796407185629	0.229173776798734	-0.16513546840781	-1.41180624667391	50	53
IGLESIAS_E2F_TARGETS_UP	0.011605415860735	0.047796712715539	0.13944071612759	1.75486581789748	5	118
KUMAR_TARGETS_OF_MLL_AF9_FUSION	0.213849287169043	0.356689118138	0.0605557787073139	1.20731168644364	104	293
IVANOVA_HEMATOPOIESIS_EARLY_PROGENITOR	0.0391752577319588	0.116537143700088	0.0721144148597486	1.64868532746375	18	401
IVANOVA_HEMATOPOIESIS_LATE_PROGENITOR	0.129896907216495	0.260693793004928	0.0590459930886951	1.34554938967334	62	400
IVANOVA_HEMATOPOIESIS_STEM_CELL_LONG_TERM	0.0916334661354582	0.211218785336109	-0.0983817982209953	-1.43905278521059	45	153
RAMALHO_STEMNESS_DN	0.146	0.277572612473856	-0.164784466295378	-1.31015822754176	72	45
LIAN_LIPA_TARGETS_6M	0.90234375	0.931049975807009	-0.0953404341312656	-0.663505645933948	461	33
RAMALHO_STEMNESS_UP	0.116935483870968	0.246699193563909	-0.0854387839406323	-1.37037014953559	57	193
CUI_TCF21_TARGETS_2_DN	0.00203665987780041	0.0116829340431825	-0.23778539656252	-7.38569793035626	0	783
YAMAZAKI_TCEB3_TARGETS_DN	0.0099403578528827	0.0421374193861223	0.122463214754429	1.8583426031954	4	171
LIAN_LIPA_TARGETS_3M	0.412121212121212	0.561337513061651	-0.169210631335302	-1.01241634730384	203	25
BURTON_ADIPOGENESIS_8	0.00196463654223969	0.0116829340431825	0.257975929783332	2.60415081867402	0	72
LEE_AGING_NEOCORTEX_UP	0.821501014198783	0.878086569912352	0.0766698054345161	0.718094978260353	404	63
LEE_AGING_CEREBELLUM_UP	0.386904761904762	0.536236424394319	0.115661839374807	1.03688621663657	194	58
BURTON_ADIPOGENESIS_PEAK_AT_0HR	0.0237154150197628	0.0805027173913043	0.197922589140692	1.76077381928213	11	57
IVANOVA_HEMATOPOIESIS_STEM_CELL_AND_PROGENITOR	0.0158730158730159	0.0599310344827586	-0.0761324966505963	-1.84201760871125	7	461
BURTON_ADIPOGENESIS_9	0.143984220907298	0.275629955947137	0.126374867418387	1.3177530760259	72	77
DURCHDEWALD_SKIN_CARCINOGENESIS_DN	0.018	0.0657006048387097	-0.106703619482488	-1.83865730600506	8	223
MONNIER_POSTRADIATION_TUMOR_ESCAPE_UP	0.0625	0.162126865671642	0.0654461673369927	1.48231518542174	30	390
MONNIER_POSTRADIATION_TUMOR_ESCAPE_DN	0.642857142857143	0.753903990746096	-0.0397164856505209	-0.845791870030282	314	355
ZHENG_BOUND_BY_FOXP3	0.00193423597678917	0.0116829340431825	-0.189328579316951	-4.28504612182356	0	401
MARSON_BOUND_BY_FOXP3_STIMULATED	0.00205761316872428	0.0116829340431825	-0.0872715210486108	-2.82314510257198	0	850
MARSON_BOUND_BY_FOXP3_UNSTIMULATED	0.0202020202020202	0.0716535562921552	-0.050642812130362	-1.82405162846278	9	1030
ZHENG_FOXP3_TARGETS_IN_THYMUS_UP	0.002	0.0116829340431825	-0.250750190332943	-3.86344499884612	0	174
FOSTER_TOLERANT_MACROPHAGE_UP	0.0754716981132075	0.183198060503847	-0.11677782679781	-1.50411473015109	35	124
STEARMAN_TUMOR_FIELD_EFFECT_UP	0.698989898989899	0.795055264688773	-0.135659669566605	-0.811675165178669	345	25
STEARMAN_LUNG_CANCER_EARLY_VS_LATE_DN	0.0748031496062992	0.182595328673803	0.179972092795535	1.5135557875607	37	49
MARTINEZ_RB1_TARGETS_UP	0.578189300411523	0.697842363968907	0.0343618812214064	0.902382381570419	280	541
MARTINEZ_RB1_TARGETS_DN	0.0020703933747412	0.0116829340431825	0.107925028584685	2.48029768289571	0	403
MARTINEZ_TP53_TARGETS_UP	0.552894211576846	0.676711366000393	0.0367307667371206	0.92093043555014	276	479
MARTINEZ_TP53_TARGETS_DN	0.00205338809034908	0.0116829340431825	0.0984963919898044	2.3879556394711	0	448
MARTINEZ_RB1_AND_TP53_TARGETS_UP	0.324649298597194	0.465544951288716	0.0438675382924626	1.09463469999219	161	477
MARTINEZ_RB1_AND_TP53_TARGETS_DN	0.00202020202020202	0.0116829340431825	0.0968858709419403	2.35041668169269	0	445
IWANAGA_CARCINOGENESIS_BY_KRAS_PTEN_DN	0.248520710059172	0.397743203843257	-0.0654836277880049	-1.20876755008233	125	265
ZHANG_BREAST_CANCER_PROGENITORS_UP	0.00584795321637427	0.0289956623289957	-0.0977783727796058	-2.23078785249132	2	409
QI_PLASMACYTOMA_UP	0.00608519269776876	0.0289956623289957	-0.152534023061464	-2.27144464998966	2	163
BOYLAN_MULTIPLE_MYELOMA_C_D_DN	0.00613496932515337	0.0289956623289957	-0.153480661135703	-2.33466124315491	2	169
ICHIBA_GRAFT_VERSUS_HOST_DISEASE_D7_UP	0.00203252032520325	0.0116829340431825	-0.233270274987852	-2.52438130322601	0	85
ICHIBA_GRAFT_VERSUS_HOST_DISEASE_35D_UP	0.486868686868687	0.626006450771365	-0.0900905029212968	-0.972269769712566	240	84
WUNDER_INFLAMMATORY_RESPONSE_AND_CHOLESTEROL_UP	0.00200803212851406	0.0116829340431825	-0.301512768184503	-2.29969452349587	0	41
SWEET_LUNG_CANCER_KRAS_UP	0.00202429149797571	0.0116829340431825	0.141683881717438	3.09511923712492	0	368
SWEET_LUNG_CANCER_KRAS_DN	0.00597609561752988	0.0289956623289957	-0.0968062747077478	-1.97187034864753	2	316
CHEN_METABOLIC_SYNDROM_NETWORK	0.00196078431372549	0.0116829340431825	0.0971847039908072	3.22972302503448	0	888
MILI_PSEUDOPODIA_CHEMOTAXIS_DN	0.00204081632653061	0.0116829340431825	0.12953824988634	3.02724649300854	0	411
MILI_PSEUDOPODIA_HAPTOTAXIS_UP	0.00193798449612403	0.0116829340431825	-0.324427470332683	-8.29114373576872	0	509
MILI_PSEUDOPODIA_HAPTOTAXIS_DN	0.00198019801980198	0.0116829340431825	0.194049317573357	5.5898267160523	0	656
BOYLAN_MULTIPLE_MYELOMA_PCA1_UP	0.00596421471172962	0.0289956623289957	-0.224822581505789	-2.0750588658418	2	60
CAIRO_LIVER_DEVELOPMENT_UP	0.252941176470588	0.401105624731644	0.0863952575354135	1.18355350249311	128	139
KARLSSON_TGFB1_TARGETS_DN	0.00992063492063492	0.0421374193861223	-0.129429089668301	-2.0174554997563	4	180
LI_INDUCED_T_TO_NATURAL_KILLER_UP	0.00614754098360656	0.0289956623289957	0.121810828060828	2.15121566477101	2	234
CHYLA_CBFA2T3_TARGETS_UP	0.27755905511811	0.422919116314924	-0.0622496010356334	-1.14913421668174	140	255
PILON_KLF1_TARGETS_UP	0.00196850393700787	0.0116829340431825	-0.114018118619482	-2.5072024487813	0	375
BRUINS_UVC_RESPONSE_LATE	0.00806451612903226	0.0361240438975723	0.0551501782672634	1.90309252691581	3	980
BRUINS_UVC_RESPONSE_EARLY_LATE	0.315261044176707	0.460440079646316	-0.0595645327686377	-1.12100909535431	156	276
KIM_GLIS2_TARGETS_UP	0.00196850393700787	0.0116829340431825	0.28167018906723	2.36883140171274	0	49
PASINI_SUZ12_TARGETS_UP	0.512096774193548	0.643081064702592	0.0958762108733379	0.936451448976833	253	69
PASINI_SUZ12_TARGETS_DN	0.00203665987780041	0.0116829340431825	0.149512327580472	2.98085474596485	0	293
LEE_BMP2_TARGETS_UP	0.00592885375494071	0.0289956623289957	-0.0761592422791073	-2.08597159680861	2	603
LEE_BMP2_TARGETS_DN	0.00194931773879142	0.0116829340431825	0.114134084571168	3.71396737567767	0	840
TORCHIA_TARGETS_OF_EWSR1_FLI1_FUSION_DN	0.136094674556213	0.26671360739497	-0.0726532965595949	-1.36809039448744	68	274
GOBERT_OLIGODENDROCYTE_DIFFERENTIATION_DN	0.119191919191919	0.248479765149927	-0.0398482755170654	-1.36943603520333	58	936
KATSANOU_ELAVL1_TARGETS_UP	0.0115384615384615	0.047796712715539	0.136335232052299	1.84097576056633	5	134
SERVITJA_ISLET_HNF1A_TARGETS_UP	0.00196078431372549	0.0116829340431825	0.251373425674294	3.06572039098541	0	110
WAKABAYASHI_ADIPOGENESIS_PPARG_BOUND_8D	0.427698574338086	0.573564909104624	0.0377312223466069	1.00318776314042	209	555
HUANG_GATA2_TARGETS_UP	0.393374741200828	0.54174746450637	-0.0843073110390779	-1.04898959317548	189	113
PLASARI_TGFB1_TARGETS_10HR_DN	0.00196850393700787	0.0116829340431825	-0.180173584717567	-3.0277730006512	0	208
WANG_MLL_TARGETS	0.0323232323232323	0.101403931006819	-0.112582946952396	-1.7051646416579	15	168
DELACROIX_RARG_BOUND_MEF	0.002	0.0116829340431825	0.117616016538817	2.3878498361445	0	300
DELACROIX_RAR_TARGETS_UP	0.199195171026157	0.342109821583232	0.176705122499515	1.25144934072529	98	35
DELACROIX_RAR_BOUND_ES	0.0119521912350598	0.0485348326320885	0.087351818093247	1.87344677266829	5	349
RAO_BOUND_BY_SALL4_ISOFORM_B	0.0099403578528827	0.0421374193861223	-0.0871620777940114	-1.94139626411613	4	385
RAO_BOUND_BY_SALL4	0.00198412698412698	0.0116829340431825	-0.198641016467981	-3.06711393656829	0	175
LIM_MAMMARY_STEM_CELL_UP	0.00202429149797571	0.0116829340431825	0.189940434140389	4.14929549141102	0	368
DURAND_STROMA_S_UP	0.00205338809034908	0.0116829340431825	0.14238689979795	2.49933053830845	0	232
LANDIS_BREAST_CANCER_PROGRESSION_DN	0.0287474332648871	0.0928681022572002	0.193953860063275	1.76829941911451	13	61
GESERICK_TERT_TARGETS_DN	0.166	0.300512546057101	0.235864935617589	1.32579188948183	82	21
CASTELLANO_NRAS_TARGETS_UP	0.07	0.173304843304843	-0.160827066279865	-1.52583794803612	34	65
BERENJENO_ROCK_SIGNALING_NOT_VIA_RHOA_DN	0.319191919191919	0.462128478679325	0.131927822547033	1.08151883659764	157	47
BERENJENO_TRANSFORMED_BY_RHOA_REVERSIBLY_UP	0.86	0.903762421564383	0.191913757372868	0.666055706282216	429	8
MARKEY_RB1_CHRONIC_LOF_UP	0.00190114068441065	0.0116829340431825	0.255881805749414	2.8806346350233	0	91
MARKEY_RB1_ACUTE_LOF_DN	0.016	0.0599310344827586	-0.122860335195531	-1.90807177634938	7	179
GRAESSMANN_APOPTOSIS_BY_SERUM_DEPRIVATION_DN	0.00598802395209581	0.0289956623289957	0.128034659206266	2.03496255676006	2	188
LANDIS_ERBB2_BREAST_TUMORS_65_DN	0.780487804878049	0.84780487804878	0.110153446690348	0.741787694015653	383	31
LANDIS_ERBB2_BREAST_PRENEOPLASTIC_DN	0.0905511811023622	0.209837270341207	0.173796603807457	1.46162025159101	45	49
GRAESSMANN_RESPONSE_TO_MC_AND_SERUM_DEPRIVATION_DN	0.0162932790224033	0.0605079464549933	0.195696858892917	1.80115436550083	7	62
BERENJENO_TRANSFORMED_BY_RHOA_FOREVER_DN	0.0303643724696356	0.0970097046915932	0.253609634816724	1.62205785058608	14	28
CAIRO_PML_TARGETS_BOUND_BY_MYC_UP	0.00196850393700787	0.0116829340431825	0.375852363404231	2.14209094206491	0	22
CAIRO_PML_TARGETS_BOUND_BY_MYC_DN	0.234567901234568	0.379503374598477	0.283248285759847	1.1812809853044	113	12
LANDIS_ERBB2_BREAST_TUMORS_324_DN	0.137450199203187	0.268413984511393	0.101353764284565	1.31520577159622	68	128
BERENJENO_TRANSFORMED_BY_RHOA_UP	0.00202839756592292	0.0116829340431825	0.236216389923013	6.21336793991175	0	533
JOHANSSON_GLIOMAGENESIS_BY_PDGFB_UP	0.00193798449612403	0.0116829340431825	0.271189104542441	2.41145822720031	0	56
HUMMERICH_BENIGN_SKIN_TUMOR_DN	0.791075050709939	0.855030123217584	0.261343533349271	0.737486687138453	389	5
HUMMERICH_MALIGNANT_SKIN_TUMOR_DN	0.0855397148676171	0.202272432011086	0.478987355222612	1.4654899872778	41	6
SAENZ_DETOX_PATHWAY_AND_CARCINOGENESIS_DN	0.368209255533199	0.514043345078754	0.318664677953751	1.0478697113409	182	7
KONG_E2F3_TARGETS	0.00190114068441065	0.0116829340431825	0.381100805637434	4.29030964878202	0	91
RIZ_ERYTHROID_DIFFERENTIATION	0.0844793713163065	0.200580802387624	0.140582161446251	1.45694733166408	42	76
RIZ_ERYTHROID_DIFFERENTIATION_CCNE1	0.56547619047619	0.68743998777933	0.122836453549982	0.904493537143458	284	38
BAKER_HEMATOPOESIS_STAT1_TARGETS	0.57314629258517	0.69465010914437	0.252424604756211	0.91128836064598	285	9
BAKER_HEMATOPOIESIS_STAT3_TARGETS	0.681724845995893	0.784660783007194	0.182239690134427	0.826255405649411	331	14
BAKER_HEMATOPOESIS_STAT5_TARGETS	0.964356435643564	0.97218763639705	-0.161996607043232	-0.525871262260519	486	7
HUMMERICH_SKIN_CANCER_PROGRESSION_DN	0.0019723865877712	0.0116829340431825	0.264031792524219	2.75314794685828	0	77
RASHI_RESPONSE_TO_IONIZING_RADIATION_1	0.130612244897959	0.261525439668955	0.193018758788266	1.32806862529661	63	33
RASHI_RESPONSE_TO_IONIZING_RADIATION_2	0.0292275574112735	0.0940694347792469	-0.142443796357958	-1.75524408305643	13	112
RASHI_NFKB1_TARGETS	0.00193050193050193	0.0116829340431825	-0.490655637898096	-2.58915347570583	0	19
MARTORIATI_MDM4_TARGETS_NEUROEPITHELIUM_UP	0.002	0.0116829340431825	0.150391705069124	2.16280965834393	0	154
MARTORIATI_MDM4_TARGETS_FETAL_LIVER_UP	0.0337301587301587	0.1046839569161	0.0956735906333879	1.59309877963594	16	205
JOHANSSON_BRAIN_CANCER_EARLY_VS_LATE_UP	0.0141987829614604	0.0545771014830832	0.672005737508965	1.89633651440376	6	5
SASAI_RESISTANCE_TO_NEOPLASTIC_TRANSFROMATION	0.00200400801603206	0.0116829340431825	0.392030826825882	3.05876000711881	0	43
SHETH_LIVER_CANCER_VS_TXNIP_LOSS_PAM4	0.203187250996016	0.346215139442231	0.080466269288619	1.2302708537687	101	174
THEODOROU_MAMMARY_TUMORIGENESIS	0.469512195121951	0.611703294694116	0.196322415063178	0.985172745034628	230	17
GROSS_HYPOXIA_VIA_HIF1A_ONLY	0.406438631790744	0.556212867757727	0.309601612223753	1.01806750002793	201	7
GALIE_TUMOR_ANGIOGENESIS	0.27789046653144	0.422919116314924	0.412877520121125	1.16510123899309	136	5
GROSS_ELK3_TARGETS_DN	0.163385826771654	0.297656778751713	-0.202818138272393	-1.30444858785466	82	28
GROSS_HYPOXIA_VIA_ELK3_UP	0.00199600798403194	0.0116829340431825	0.133339954125092	2.2107616148719	0	203
GROSS_HYPOXIA_VIA_ELK3_DN	0.16078431372549	0.295193960998113	0.0934698408726153	1.29774384828817	81	141
GROSS_HYPOXIA_VIA_HIF1A_DN	0.0647058823529412	0.16538062283737	0.131162285236954	1.52298055139366	32	99
GROSS_HYPOXIA_VIA_ELK3_ONLY_DN	0.751491053677932	0.827687865204212	0.1022334984817	0.77557422026094	377	40
GROSS_HYPOXIA_VIA_ELK3_AND_HIF1A_UP	0.0640776699029126	0.164258097774723	0.111491250810491	1.52373714334749	32	137
GROSS_HYPOXIA_VIA_ELK3_AND_HIF1A_DN	0.123552123552124	0.252483466615014	0.114587466853108	1.35492702103478	63	102
GOTZMANN_EPITHELIAL_TO_MESENCHYMAL_TRANSITION_UP	0.0524193548387097	0.143698483769207	0.163637524449629	1.59829633943587	25	69
GOTZMANN_EPITHELIAL_TO_MESENCHYMAL_TRANSITION_DN	0.876	0.91826779252111	-0.0441281980970125	-0.677451844904157	437	172
SHIN_B_CELL_LYMPHOMA_CLUSTER_1	0.0391389432485323	0.116537143700088	-0.546886622038041	-1.64052348651846	19	6
SHIN_B_CELL_LYMPHOMA_CLUSTER_3	0.157057654075547	0.290389577429043	-0.236693225123769	-1.30790440350011	78	21
SHIN_B_CELL_LYMPHOMA_CLUSTER_7	0.257085020242915	0.406194331983806	-0.201562915669061	-1.17789325799072	126	24
MORI_PRE_BI_LYMPHOCYTE_UP	0.00196463654223969	0.0116829340431825	0.391243390482295	3.94942581069862	0	72
MORI_LARGE_PRE_BII_LYMPHOCYTE_UP	0.0019723865877712	0.0116829340431825	0.364027952801008	3.9023511932331	0	84
MORI_IMMATURE_B_LYMPHOCYTE_DN	0.00193798449612403	0.0116829340431825	0.407573621027971	4.42959650250793	0	86
LE_EGR2_TARGETS_DN	0.044921875	0.128835344471947	0.153152422052898	1.63965063366384	22	83
UEDA_CENTRAL_CLOCK	0.0550098231827112	0.147998564538006	0.154803002377327	1.5893372570965	27	75
HOUSTIS_ROS	0.597959183673469	0.714754512534037	0.12882599656819	0.886389308680925	292	33
JECHLINGER_EPITHELIAL_TO_MESENCHYMAL_TRANSITION_UP	0.00198019801980198	0.0116829340431825	0.262967946526631	2.30486098423834	0	55
WELCH_GATA1_TARGETS	0.117154811715481	0.246699193563909	0.296674375947045	1.39533259814761	55	15
UEDA_PERIFERAL_CLOCK	0.09375	0.214391447368421	0.101816411496105	1.43031599898911	47	144
JECHLINGER_EPITHELIAL_TO_MESENCHYMAL_TRANSITION_DN	0.0396825396825397	0.116964574135889	0.191922962962963	1.65761545970481	19	54
LE_EGR2_TARGETS_UP	0.00191938579654511	0.0116829340431825	0.287707522860212	3.39402457682599	0	101
GALINDO_IMMUNE_RESPONSE_TO_ENTEROTOXIN	0.0398406374501992	0.116964574135889	-0.170254676804175	-1.63810479775216	19	67
YU_MYC_TARGETS_UP	0.00198412698412698	0.0116829340431825	0.462274356620334	3.55078977604595	0	41
BROWN_MYELOID_CELL_DEVELOPMENT_DN	0.113725490196078	0.244622403416812	0.114491378474075	1.37605026452432	57	106
NEMETH_INFLAMMATORY_RESPONSE_LPS_UP	0.0856573705179283	0.202272432011086	-0.143046171171171	-1.46935896933819	42	74
NADLER_OBESITY_DN	0.00202020202020202	0.0116829340431825	0.315812656948712	2.29638982376036	0	37
NEMETH_INFLAMMATORY_RESPONSE_LPS_DN	0.0901803607214429	0.209536720499823	0.231449698281342	1.45288756721922	44	27
GERY_CEBP_TARGETS	0.0215686274509804	0.0749725490196078	0.147480424477614	1.7124573408043	10	99
AFFAR_YY1_TARGETS_UP	0.0078125	0.035895370571166	0.148818323307133	1.97152173605073	3	132
AFFAR_YY1_TARGETS_DN	0.00198412698412698	0.0116829340431825	0.298426688102454	4.62022203885115	0	177
HESS_TARGETS_OF_HOXA9_AND_MEIS1_UP	0.0205338809034908	0.0719513810690866	0.202519968559442	1.84639760531665	9	61
KAMMINGA_EZH2_TARGETS	0.00198807157057654	0.0116829340431825	0.366133929998402	2.77760265946893	0	40
GREENBAUM_E2A_TARGETS_UP	0.00206185567010309	0.0116829340431825	0.479620867273598	3.27019737828803	0	32
BRACHAT_RESPONSE_TO_METHOTREXATE_DN	0.855711422845691	0.902443235986536	0.124335127145549	0.715336579969927	426	23
BURTON_ADIPOGENESIS_10	0.634496919917864	0.746113428157814	0.128468008091132	0.847549686704754	308	30
IVANOVA_HEMATOPOIESIS_MATURE_CELL	0.00779727095516569	0.035895370571166	-0.114179057242949	-2.03398114143978	3	236
RUAN_RESPONSE_TO_TROGLITAZONE_UP	0.539256198347107	0.661883667180277	0.174639430646821	0.919652334812572	260	19
ZAMORA_NOS2_TARGETS_UP	0.00199600798403194	0.0116829340431825	0.292764503368032	2.51768324234488	0	53
BRACHAT_RESPONSE_TO_CISPLATIN	0.325955734406439	0.465658255932012	-0.203478538375618	-1.09311833180772	161	20
ONGUSAHA_TP53_TARGETS	0.413725490196078	0.561422991270796	-0.151517337131935	-1.01874137201289	210	31
RUAN_RESPONSE_TO_TNF_TROGLITAZONE_DN	0.496993987975952	0.633296992240108	0.15217500569141	0.955253670461957	247	27
MCDOWELL_ACUTE_LUNG_INJURY_UP	0.00202020202020202	0.0116829340431825	0.275661856631738	2.00443860763571	0	37
HU_GENOTOXIC_DAMAGE_24HR	0.00206185567010309	0.0116829340431825	0.333303386040569	2.27256137832431	0	32
CUI_TCF21_TARGETS_UP	0.0511811023622047	0.14119485064367	0.270204841713222	1.60248120749982	25	24
PAL_PRMT5_TARGETS_UP	0.00198412698412698	0.0116829340431825	0.162625383540696	2.66561403452125	0	196
VARELA_ZMPSTE24_TARGETS_DN	0.94831013916501	0.95934983810756	-0.0995597657208578	-0.62400901294984	476	27
KUNINGER_IGF1_VS_PDGFB_TARGETS_DN	0.161354581673307	0.295193960998113	0.181472013633701	1.30238477685463	80	36
RUAN_RESPONSE_TO_TNF_DN	0.476386036960986	0.617879800177756	0.104130444196291	0.94936911244956	231	61
DELASERNA_MYOD_TARGETS_UP	0.177551020408163	0.314239993349682	0.132226331217363	1.2687471865638	86	66
BURTON_ADIPOGENESIS_5	0.00191938579654511	0.0116829340431825	0.249403948672614	3.07014428638107	0	111
APRELIKOVA_BRCA1_TARGETS	0.114228456913828	0.245097602612633	0.17537683117926	1.3683506517323	56	43
BRACHAT_RESPONSE_TO_METHOTREXATE_UP	0.11605415860735	0.246699193563909	-0.270208466283769	-1.40225628218601	59	18
BURTON_ADIPOGENESIS_3	0.00193050193050193	0.0116829340431825	0.439632404021339	5.11365426757628	0	98
BURTON_ADIPOGENESIS_PEAK_AT_24HR	0.00198807157057654	0.0116829340431825	0.481237014543711	3.6508094495294	0	40
BRACHAT_RESPONSE_TO_CAMPTOTHECIN_UP	0.497017892644135	0.633296992240108	-0.174875471612087	-0.966315783926673	249	21
HAN_JNK_SINGALING_UP	0.0078125	0.035895370571166	-0.291629155482139	-1.91062112424105	3	29
BURTON_ADIPOGENESIS_PEAK_AT_2HR	0.00199203187250996	0.0116829340431825	0.317319974063119	2.54393486030053	0	45
JACKSON_DNMT1_TARGETS_UP	0.0920245398773006	0.211559061252313	-0.138138045560296	-1.4423531363187	44	78
MODY_HIPPOCAMPUS_PRENATAL	0.00204081632653061	0.0116829340431825	0.426835951772013	3.26366761991788	0	42
BURTON_ADIPOGENESIS_4	0.00816326530612245	0.0361932528113286	0.257897180611375	1.97193013881603	3	42
KUNINGER_IGF1_VS_PDGFB_TARGETS_UP	0.0139165009940358	0.0540711111111111	0.239847370944542	1.81955465150443	6	40
CUI_TCF21_TARGETS_2_UP	0.00199600798403194	0.0116829340431825	0.283179411193798	6.04375184277815	0	343
WENG_POR_TARGETS_GLOBAL_UP	0.0617283950617284	0.161087012938865	0.363405623770797	1.51557546822047	29	12
BURTON_ADIPOGENESIS_1	0.134146341463415	0.264939024390244	0.201353380747167	1.35593995897892	65	31
WENG_POR_TARGETS_GLOBAL_DN	0.644308943089431	0.753983457251499	0.170633747636408	0.8562634964551	316	17
SCHLINGEMANN_SKIN_CARCINOGENESIS_TPA_DN	0.770661157024793	0.839228753702438	0.139386559737997	0.734010495967421	372	19
BRACHAT_RESPONSE_TO_CAMPTOTHECIN_DN	0.562248995983936	0.686027664166758	0.121099808435006	0.900090198440245	279	39
JACKSON_DNMT1_TARGETS_DN	0.0345528455284553	0.106476676468892	0.328486503479114	1.64839022704159	16	17
BURTON_ADIPOGENESIS_11	0.00202429149797571	0.0116829340431825	-0.36906543505047	-3.02399367450882	0	49
SARTIPY_BLUNTED_BY_INSULIN_RESISTANCE_UP	0.85979381443299	0.903762421564383	0.13185137913919	0.677565648022874	416	18
WENG_POR_DOSAGE	0.708418891170431	0.802140057755776	0.18828703391338	0.817691087418603	344	13
VARELA_ZMPSTE24_TARGETS_UP	0.293650793650794	0.441191904047976	0.149927977342588	1.15161639720487	147	41
SIMBULAN_PARP1_TARGETS_DN	0.00205338809034908	0.0116829340431825	0.491797676008202	2.22975844607646	0	14
LI_ADIPOGENESIS_BY_ACTIVATED_PPARG	0.0349794238683128	0.107029956345025	0.394408122043268	1.64487073158971	16	12
WENG_POR_TARGETS_LIVER_UP	0.309278350515464	0.454142390893888	0.165813168822872	1.13056338239109	149	32
HU_GENOTOXIC_DAMAGE_4HR	0.00204498977505112	0.0116829340431825	0.322242059763202	2.23960639632734	0	34
GERHOLD_ADIPOGENESIS_UP	0.0099403578528827	0.0421374193861223	0.244761866709286	1.85683750181596	4	40
WENG_POR_TARGETS_LIVER_DN	0.71047227926078	0.80244190222131	0.187900609079144	0.816012925431849	345	13
BURTON_ADIPOGENESIS_6	0.00199203187250996	0.0116829340431825	0.173708205530227	2.55536432788032	0	159
BURTON_ADIPOGENESIS_PEAK_AT_16HR	0.00198412698412698	0.0116829340431825	0.360573296454614	2.76961063539537	0	41
ZHONG_SECRETOME_OF_LUNG_CANCER_AND_MACROPHAGE	0.00403225806451613	0.0212794612794613	0.24446030889241	2.38771649812126	1	69
ZHONG_SECRETOME_OF_LUNG_CANCER_AND_ENDOTHELIUM	0.00197628458498024	0.0116829340431825	0.313120763018212	2.7856084754641	0	57
ZHONG_SECRETOME_OF_LUNG_CANCER_AND_FIBROBLAST	0.00193423597678917	0.0116829340431825	0.202011928190982	2.54232649856401	0	118
CLASPER_LYMPHATIC_VESSELS_DURING_METASTASIS_DN	0.00204081632653061	0.0116829340431825	0.597056920641476	3.87736577962027	0	29
HARRIS_BRAIN_CANCER_PROGENITORS	0.0236220472440945	0.0805002315886985	0.294293880393465	1.67726564171681	11	22
LEIN_CHOROID_PLEXUS_MARKERS	0.187250996015936	0.328066765197275	-0.129458816273402	-1.24558756346349	93	67
GAVIN_FOXP3_TARGETS_CLUSTER_T4	0.5	0.634641132795066	0.0893518518518519	0.949870419959852	253	80
GAVIN_FOXP3_TARGETS_CLUSTER_P4	0.48991935483871	0.628370142346549	0.0971113161881214	0.948515089697846	242	69
GAVIN_FOXP3_TARGETS_CLUSTER_P6	0.00196463654223969	0.0116829340431825	0.437088441915752	4.4875159700695	0	75
GAVIN_FOXP3_TARGETS_CLUSTER_P7	0.217391304347826	0.361210408180231	-0.121263196995815	-1.19868271580856	109	69
GAVIN_IL2_RESPONSIVE_FOXP3_TARGETS_UP	0.899029126213592	0.930067036523347	-0.143267259056733	-0.649414096446282	462	14
ZHENG_FOXP3_TARGETS_UP	0.431174089068826	0.574678348774248	-0.18110727446827	-1.02490236428279	212	22
FOSTER_TOLERANT_MACROPHAGE_DN	0.00196463654223969	0.0116829340431825	-0.188334445174912	-4.14371423406747	0	373
JI_CARCINOGENESIS_BY_KRAS_AND_STK11_DN	0.00411522633744856	0.02128649813835	0.55553340774996	2.31684032796859	1	12
ZHANG_GATA6_TARGETS_DN	0.291836734693878	0.4397712305026	0.148653483132383	1.13663237005468	142	42
OUYANG_PROSTATE_CANCER_PROGRESSION_UP	0.452611218568665	0.594137687214759	-0.192131106856697	-0.99707109587831	233	18
WORSCHECH_TUMOR_REJECTION_UP	0.00196850393700787	0.0116829340431825	-0.39201888643051	-2.5213153378316	0	28
NADELLA_PRKAR1A_TARGETS_UP	0.880324543610548	0.921689190840441	0.229787234042553	0.648437800656312	433	5
ZHENG_GLIOBLASTOMA_PLASTICITY_UP	0.00197628458498024	0.0116829340431825	0.240440328578141	3.89538461687418	0	193
JONES_TCOF1_TARGETS	0.691552062868369	0.790735187674491	-0.29678858873217	-0.823332573242842	351	5
BOCHKIS_FOXA2_TARGETS	0.893787575150301	0.92684221520465	0.0327387229578792	0.670761335878717	445	307
MATZUK_SPERMATOCYTE	0.0611439842209073	0.160042537011953	0.186317978246961	1.5727560124209	30	50
MATZUK_SPERMATID_DIFFERENTIATION	0.00202429149797571	0.0116829340431825	-0.358906653512463	-2.03108505067914	0	22
MATZUK_SPERMATOZOA	0.986166007905138	0.988440900656938	-0.0513311626125263	-0.50740685492662	498	69
RAY_TUMORIGENESIS_BY_ERBB2_CDC25A_UP	0.150870406189555	0.284678383283899	0.0970116908093565	1.31874857073865	77	136
RAY_TUMORIGENESIS_BY_ERBB2_CDC25A_DN	0.647657841140529	0.755455924766604	0.0510709038307154	0.868147168500897	317	214
LIN_NPAS4_TARGETS_DN	0.798403193612774	0.858678682239481	0.0964101446115835	0.75974561149128	399	44
CADWELL_ATG16L1_TARGETS_UP	0.592369477911647	0.710026312145132	-0.116052963454593	-0.885157753348206	294	41
THUM_MIR21_TARGETS_HEART_DISEASE_UP	0.00205761316872428	0.0116829340431825	0.729429118162972	3.0420687105017	0	12
THUM_MIR21_TARGETS_HEART_DISEASE_DN	0.695049504950495	0.793235648971298	-0.250281797583941	-0.812461490512421	350	7
KRISHNAN_FURIN_TARGETS_UP	0.144	0.275629955947137	0.387513948668898	1.3449055466795	71	8
YAUCH_HEDGEHOG_SIGNALING_PARACRINE_DN	0.767489711934156	0.838396293582904	-0.0706702180838761	-0.76510169501123	372	86
WANG_TUMOR_INVASIVENESS_UP	0.0019723865877712	0.0116829340431825	0.164296848039371	3.6039497513914	0	361
VILIMAS_NOTCH1_TARGETS_UP	0.00595238095238095	0.0289956623289957	-0.324294879134529	-1.88969831123184	2	23
ZAIDI_OSTEOBLAST_TRANSCRIPTION_FACTORS	0.41412213740458	0.561422991270796	0.259964923469388	1.01288773398972	216	10
SOUCEK_MYC_TARGETS	0.0455445544554455	0.129764648596007	-0.503444192692619	-1.63427393894949	22	7
SEKI_INFLAMMATORY_RESPONSE_LPS_UP	0.00197628458498024	0.0116829340431825	-0.391530706412913	-3.87026816142469	0	69
PIONTEK_PKD1_TARGETS_DN	0.00763358778625954	0.035664450463761	0.527279974489796	2.05441338551205	3	10
GOLDRATH_ANTIGEN_RESPONSE	0.00202429149797571	0.0116829340431825	0.249683631962382	5.03715563060253	0	299
ICHIBA_GRAFT_VERSUS_HOST_DISEASE_D7_DN	0.28740157480315	0.434351249572064	0.201636537736123	1.14918474148144	145	22
ICHIBA_GRAFT_VERSUS_HOST_DISEASE_35D_DN	0.908730158730159	0.931049975807009	-0.110518956466225	-0.644004882071211	457	23
SCHRAETS_MLL_TARGETS_DN	0.00196850393700787	0.0116829340431825	0.401822244145896	2.29010077709526	0	22
HOFFMANN_LARGE_TO_SMALL_PRE_BII_LYMPHOCYTE_UP	0.00196850393700787	0.0116829340431825	0.322783815169602	4.49285716274576	0	143
MIKKELSEN_DEDIFFERENTIATED_STATE_DN	0.050709939148073	0.1403405640754	0.537445214758148	1.51661946967209	24	5
MIKKELSEN_PARTIALLY_REPROGRAMMED_TO_PLURIPOTENCY	0.171079429735234	0.304647591065407	0.427637870576984	1.30838321863446	83	6
MEISSNER_BRAIN_HCP_WITH_H3_UNMETHYLATED	0.0977596741344195	0.221232179226069	0.473940070130698	1.45004752165843	47	6
IRITANI_MAD1_TARGETS_DN	0.00199600798403194	0.0116829340431825	0.443201802194608	3.49258499278221	0	44
ISHIDA_E2F_TARGETS	0.00199600798403194	0.0116829340431825	0.403454516091543	3.46958276200282	0	53
MIKKELSEN_IPS_WITH_HCP_H3K27ME3	0.813592233009709	0.871777620820514	-0.161779448621554	-0.733327734067561	418	14
MIKKELSEN_IPS_HCP_WITH_H3_UNMETHYLATED	0.0931174089068826	0.213506671082008	-0.240003990422985	-1.40253518992679	45	24
GLINSKY_CANCER_DEATH_UP	0.755600814663951	0.830110123821711	0.252204866645415	0.771635624159248	370	6
ONO_AML1_TARGETS_UP	0.13627254509018	0.26671360739497	0.371887870333466	1.34256756795801	67	9
ONO_AML1_TARGETS_DN	0.630218687872763	0.742086774744487	-0.154673566546223	-0.854685378870007	316	21
ONO_FOXP3_TARGETS_UP	0.708015267175573	0.802140057755776	0.205117984693878	0.799190475178028	370	10
ONO_FOXP3_TARGETS_DN	0.676113360323887	0.77923409830432	-0.142059058260176	-0.830164648123595	333	24
WORSCHECH_TUMOR_EVASION_AND_TOLEROGENICITY_UP	0.00194174757281553	0.0116829340431825	-0.472898154477102	-2.14359323772118	0	14
WORSCHECH_TUMOR_EVASION_AND_TOLEROGENICITY_DN	0.0355648535564854	0.107685915472424	-0.431106505102041	-1.64506696220451	16	10
CAIRO_LIVER_DEVELOPMENT_DN	0.743295019157088	0.820895100945927	0.0597077260257176	0.779481716099465	387	126
MIKKELSEN_ES_HCP_WITH_H3K27ME3	0.00199203187250996	0.0116829340431825	-0.500076101846013	-2.01755092904821	0	11
MIKKELSEN_ES_HCP_WITH_H3_UNMETHYLATED	0.00607287449392713	0.0289956623289957	-0.336153232242618	-1.96441207746999	2	24
MIKKELSEN_MEF_HCP_WITH_H3_UNMETHYLATED	0.0220440881763527	0.0754185536427185	-0.211318567087798	-1.72078960261365	10	48
YAO_TEMPORAL_RESPONSE_TO_PROGESTERONE_CLUSTER_5	0.276553106212425	0.422363179786638	0.198152061149219	1.14002712661037	137	23
YAO_TEMPORAL_RESPONSE_TO_PROGESTERONE_CLUSTER_9	0.00785854616895874	0.035895370571166	-0.210115592473979	-2.00076867263649	3	64
YAO_TEMPORAL_RESPONSE_TO_PROGESTERONE_CLUSTER_10	0.214285714285714	0.356732348111658	0.126822355521907	1.21689458733682	104	66
YAO_TEMPORAL_RESPONSE_TO_PROGESTERONE_CLUSTER_11	0.00190114068441065	0.0116829340431825	0.227094176785262	2.55655281603088	0	91
YAO_TEMPORAL_RESPONSE_TO_PROGESTERONE_CLUSTER_13	0.00200803212851406	0.0116829340431825	0.253497513069369	3.88259592328996	0	175
YAO_TEMPORAL_RESPONSE_TO_PROGESTERONE_CLUSTER_14	0.00193798449612403	0.0116829340431825	0.296673853981206	4.01714667556797	0	135
YAO_TEMPORAL_RESPONSE_TO_PROGESTERONE_CLUSTER_15	0.151020408163265	0.284678383283899	0.199127262715947	1.29315850390737	73	29
YAO_TEMPORAL_RESPONSE_TO_PROGESTERONE_CLUSTER_16	0.00202839756592292	0.0116829340431825	0.342023618895116	3.22263273671506	0	64
YAO_TEMPORAL_RESPONSE_TO_PROGESTERONE_CLUSTER_17	0.00199203187250996	0.0116829340431825	0.265270357203318	4.12886311587644	0	179
BAUS_TFF2_TARGETS_UP	0.0174081237911025	0.0641002524341868	-0.319426717719634	-1.65767611866764	8	18
RUAN_RESPONSE_TO_TROGLITAZONE_DN	0.121149897330595	0.2507260360795	0.314930106174824	1.36767538171224	58	13
KARLSSON_TGFB1_TARGETS_UP	0.00191570881226054	0.0116829340431825	0.212783729520131	2.77788215503226	0	126
QI_HYPOXIA	0.00192678227360308	0.0116829340431825	0.171030271732133	2.1155231134824	0	113
WANG_CLASSIC_ADIPOGENIC_TARGETS_OF_PPARG	0.0995934959349594	0.22479674796748	0.289158209347391	1.45103546510669	48	17
WANG_ADIPOGENIC_GENES_REPRESSED_BY_SIRT1	0.00198019801980198	0.0116829340431825	0.495699696824637	2.69770387790543	0	20
OHGUCHI_LIVER_HNF4A_TARGETS_DN	0.612648221343874	0.727310525065336	0.100968460430947	0.864741953510932	309	52
CHYLA_CBFA2T3_TARGETS_DN	0.188259109311741	0.329169348072239	0.0848069412055393	1.2488498380464	92	161
FUKUSHIMA_TNFSF11_TARGETS	0.219417475728155	0.363188164586223	-0.272834334153208	-1.19653499822508	112	13
KANG_AR_TARGETS_UP	0.00205761316872428	0.0116829340431825	0.594828044437357	2.48071777922569	0	12
STEGER_ADIPOGENESIS_UP	0.718	0.805086451612903	0.197234241482029	0.791088208869438	358	11
VANDESLUIS_COMMD1_TARGETS_GROUP_2_UP	0.13347022587269	0.264807365943762	0.309158268571394	1.34260950187835	64	13
VANDESLUIS_COMMD1_TARGETS_GROUP_3_UP	0.0139442231075697	0.0540711111111111	0.231348397953119	1.96019371002566	6	51
VANDESLUIS_COMMD1_TARGETS_GROUP_4_DN	0.00200400801603206	0.0116829340431825	0.610938399539436	2.20557363300486	0	9
WANG_NFKB_TARGETS	0.976143141153082	0.980657097875177	-0.15285416943448	-0.560362439699783	490	9
BILANGES_SERUM_SENSITIVE_GENES	0.0694444444444444	0.172420634920635	0.172455185659411	1.54602767831041	34	58
BILANGES_SERUM_AND_RAPAMYCIN_SENSITIVE_GENES	0.00198807157057654	0.0116829340431825	0.462961252055655	4.45149538735558	0	65
BILANGES_RAPAMYCIN_SENSITIVE_GENES	0.420523138832998	0.56860941471001	0.144415916378533	1.02277285901912	208	35
BILANGES_RAPAMYCIN_SENSITIVE_VIA_TSC1_AND_TSC2	0.00198412698412698	0.0116829340431825	0.363887554060548	3.55562210464555	0	68
BILANGES_SERUM_SENSITIVE_VIA_TSC2	0.271047227926078	0.416885028438516	0.172793569679549	1.13998136985676	131	30
BILANGES_SERUM_RESPONSE_TRANSLATION	0.0019723865877712	0.0116829340431825	0.485676430680821	2.94626821238046	0	25
GOBERT_OLIGODENDROCYTE_DIFFERENTIATION_UP	0.00201612903225806	0.0116829340431825	0.264135461600735	7.11508245828542	0	562
SCHMIDT_POR_TARGETS_IN_LIMB_BUD_UP	0.00196850393700787	0.0116829340431825	0.453185687682894	2.68767037413226	0	24
SERVITJA_LIVER_HNF1A_TARGETS_DN	0.325396825396825	0.465658255932012	0.110832367545769	1.08296645916712	163	68
MADAN_DPPA4_TARGETS	0.0458015267175573	0.130070348750187	-0.31751601669458	-1.49804724483772	23	15
WAKABAYASHI_ADIPOGENESIS_PPARG_RXRA_BOUND_36HR	0.67578125	0.77923409830432	0.0636274704046758	0.839643374870504	345	130
WAKABAYASHI_ADIPOGENESIS_PPARG_BOUND_36HR	0.108267716535433	0.239401134018553	-0.216503957482722	-1.39247053547046	54	28
WAKABAYASHI_ADIPOGENESIS_PPARG_RXRA_BOUND_8D	0.15748031496063	0.290552852867914	0.0422262818148763	1.30636876906381	79	751
WAKABAYASHI_ADIPOGENESIS_PPARG_RXRA_BOUND_WITH_H4K20ME1_MARK	0.336734693877551	0.477361254452841	-0.0788309159280151	-1.09878326310147	164	144
VERNOCHET_ADIPOGENESIS	0.140845070422535	0.272593243200853	0.413940725728404	1.36116732976667	69	7
GUO_TARGETS_OF_IRS1_AND_IRS2	0.050682261208577	0.1403405640754	0.152645900642053	1.61113250215568	25	78
PLASARI_TGFB1_TARGETS_1HR_UP	0.0101626016260163	0.0426632889517301	0.284009036276477	1.91255393661319	4	31
PLASARI_TGFB1_TARGETS_10HR_UP	0.00201612903225806	0.0116829340431825	0.255984984948187	3.71460530407085	0	158
SANDERSON_PPARA_TARGETS	0.44	0.582865853658537	0.251273799946366	1.00783585467587	219	11
KANG_GLIS3_TARGETS	0.79476861167002	0.856890723996585	0.224823236060982	0.739289528374209	394	7
REICHERT_MITOSIS_LIN9_TARGETS	0.00200400801603206	0.0116829340431825	0.467638789104423	2.93552589476	0	27
ZHANG_ADIPOGENESIS_BY_BMP7	0.145790554414784	0.277572612473856	0.293176122123491	1.32922940953851	70	14
MIZUSHIMA_AUTOPHAGOSOME_FORMATION	0.957364341085271	0.966259712431011	-0.13327220538989	-0.56748516307026	493	12
LIM_MAMMARY_STEM_CELL_DN	0.303822937625755	0.449017232647586	0.0534114774809176	1.1112926477655	150	322
LIM_MAMMARY_LUMINAL_MATURE_UP	0.910714285714286	0.931049975807009	-0.0637272852107841	-0.635569216019208	458	70
LIM_MAMMARY_LUMINAL_MATURE_DN	0.316929133858268	0.460554209569958	0.1036696328363	1.10207808387195	160	80
HORTON_SREBF_TARGETS	0.00196850393700787	0.0116829340431825	0.442641383512753	2.52274081668067	0	22
YAO_AJ_MOUSE_LUNG_TUMOR_PROGRESSION_SIMILAR_ADENOMA_UP	0.124748490945674	0.253286071569605	0.422229559712623	1.38842362353029	61	7
YAO_AJ_MOUSE_LUNG_TUMOR_PROGRESSION_SIMILAR_ADENOCARCINOMA_UP	0.124748490945674	0.253286071569605	0.422229559712623	1.38842362353029	61	7
YAO_AJ_MOUSE_LUNG_TUMOR_PROGRESSION_DIFFERENT_ADENOMA_DN	0.843813387423935	0.894534905483811	0.242250378516216	0.683607613398248	415	5
YAO_AJ_MOUSE_LUNG_TUMOR_PROGRESSION_DIFFERENT_ADENOCARCINOMA_DN	0.0916030534351145	0.211218785336109	0.372704081632653	1.45214741918085	47	10
LIU_OVARIAN_CANCER_TUMORS_AND_XENOGRAFTS_XDGS_UP	0.0118110236220472	0.0481867583453477	0.23019037283046	1.93588886824869	5	49
LIU_OVARIAN_CANCER_TUMORS_AND_XENOGRAFTS_XDGS_DN	0.00194174757281553	0.0116829340431825	0.138477195371067	4.5950952386852	0	873
BANG_VERTEPORFIN_ENDOMETRIAL_CANCER_CELLS_UP	0.268595041322314	0.415067303517152	0.224650977263662	1.18301345230716	129	19
HOUNKPE_HOUSEKEEPING_GENES	0.00195694716242661	0.0116829340431825	0.0944044381664176	3.54083643101657	0	1123
