pathway	pval	padj	ES	NES	nMoreExtreme	size
DESCARTES_ORGANOGENESIS_NOTOCHORD_CELLS	0.205338809034908	0.270632593213238	0.220743986304152	1.24151791279645	99	22
DESCARTES_ORGANOGENESIS_ENDOTHELIAL_CELLS	0.00196078431372549	0.00428265524625268	-0.168372800425595	-3.01453186963625	0	249
DESCARTES_ORGANOGENESIS_HEPATOCYTES	0.0167014613778706	0.0274765977506903	0.0953279020892493	1.76244126819023	7	261
DESCARTES_ORGANOGENESIS_PREMATURE_OLIGODENDROCYTE	0.775757575757576	0.795248972133394	0.148674040984188	0.75685107580854	383	18
DESCARTES_ORGANOGENESIS_CARDIAC_MUSCLE_LINEAGES	0.00209205020920502	0.00428265524625268	0.449450152512442	5.07944502850383	0	96
DESCARTES_ORGANOGENESIS_EXCITATORY_NEURONS	0.0712945590994371	0.103886357544894	-0.453574559655695	-1.5007996415068	37	7
DESCARTES_ORGANOGENESIS_NEURAL_PROGENITOR_CELLS	0.628458498023715	0.696769204330641	-0.164241263762566	-0.872383952894306	317	20
DESCARTES_ORGANOGENESIS_PRIMITIVE_ERYTHROID_LINEAGE	0.00204918032786885	0.00428265524625268	0.19368399270985	4.52463466329528	0	414
DESCARTES_ORGANOGENESIS_WHITE_BLOOD_CELLS	0.00194174757281553	0.00428265524625268	-0.118228938531172	-2.60992257969156	0	378
DESCARTES_ORGANOGENESIS_EPENDYMAL_CELL	0.0129151291512915	0.0219557195571956	-0.184183100849768	-1.93116886718645	6	80
DESCARTES_ORGANOGENESIS_EPITHELIAL_CELLS	0.00204081632653061	0.00428265524625268	0.249961174849067	2.4013771574339	0	66
DESCARTES_ORGANOGENESIS_MYOCYTES	0.56969696969697	0.638561438561439	0.114621030448369	0.90322359277573	281	44
DESCARTES_ORGANOGENESIS_CHONDROCYTE_PROGENITORS	0.00200803212851406	0.00428265524625268	0.263072682086276	2.04260011578672	0	43
DESCARTES_ORGANOGENESIS_GRANULE_NEURONS	0.794871794871795	0.810769230769231	-0.144978018861235	-0.733209381304681	402	18
DESCARTES_ORGANOGENESIS_POSTMITOTIC_PREMATURE_NEURONS	0.438034188034188	0.519528920691711	0.357446808510638	1.00566400822822	204	5
DESCARTES_ORGANOGENESIS_SENSORY_NEURONS	0.304093567251462	0.375970228601808	-0.140431862738282	-1.11950502948654	155	46
DESCARTES_ORGANOGENESIS_ISTHMIC_ORGANIZER_CELLS	0.74859287054409	0.780612244897959	-0.230914618178506	-0.764056468343487	398	7
DESCARTES_ORGANOGENESIS_STROMAL_CELLS	0.00378787878787879	0.00743006993006993	-0.125844093017049	-2.04198728018806	1	194
DESCARTES_ORGANOGENESIS_OSTEOBLASTS	0.264299802761341	0.332821973847615	0.243108169178829	1.13899198973842	133	15
DESCARTES_ORGANOGENESIS_DEFINITIVE_ERYTHROID_LINEAGE	0.623721881390593	0.695296523517382	0.130635082255231	0.865455011148157	304	32
DESCARTES_ORGANOGENESIS_OLIGODENDROCYTE_PROGENITORS	0.205627705627706	0.270632593213238	0.412947614493678	1.24647429943443	94	6
DESCARTES_ORGANOGENESIS_SCHWANN_CELL_PRECURSOR	0.160714285714286	0.217123935666982	-0.170411897994881	-1.29935980364178	80	43
DESCARTES_ORGANOGENESIS_MEGAKARYOCYTES	0.322649572649573	0.39413480730846	0.0994977361298123	1.11759735747557	150	97
DESCARTES_ORGANOGENESIS_CHOLINERGIC_NEURONS	0.03420523138833	0.0528626303274191	0.269382541456627	1.66397327534659	16	28
DESCARTES_ORGANOGENESIS_NEURAL_TUBE	0.694214876033058	0.745367551109178	0.225569902757851	0.793414650852046	335	8
DESCARTES_ORGANOGENESIS_INTERMEDIATE_MESODERM	0.0301810865191147	0.0473610896146107	0.396637490569394	1.72202776787654	14	13
DESCARTES_ORGANOGENESIS_RADIAL_GLIA	0.521645021645022	0.594500471595444	0.310142386568909	0.936158729231067	240	6
DESCARTES_ORGANOGENESIS_INHIBITORY_INTERNEURONS	0.75	0.780612244897959	0.276308869232608	0.777385273348167	350	5
DESCARTES_ORGANOGENESIS_MELANOCYTES	0.754098360655738	0.780893733877008	0.150194193101421	0.781100582733505	367	19
DESCARTES_ORGANOGENESIS_CHONDROCYTES_AND_OSTEOBLASTS	0.00201207243460765	0.00428265524625268	0.571368986646875	2.48063605711337	0	13
DESCARTES_ORGANOGENESIS_CONNECTIVE_TISSUE_PROGENITOR	0.0224489795918367	0.0363459669582119	0.298849070157235	1.74576310230328	10	25
DESCARTES_ORGANOGENESIS_INHIBITORY_NEURONS	0.683397683397683	0.738512949039265	-0.239040331579786	-0.822493766908917	353	8
DESCARTES_ORGANOGENESIS_NUETROPHILS	0.0576540755467197	0.0846146144714447	-0.403267305922173	-1.61144159951529	28	11
DESCARTES_ORGANOGENESIS_LIMB_MESENCHYME	0.880715705765408	0.89386071629922	-0.158653590602243	-0.656545785730467	442	12
TABULA_MURIS_SENIS_AORTA_AORTIC_ENDOTHELIAL_CELL_AGEING	0.00200803212851406	0.00428265524625268	0.157962307493482	3.06704471066892	0	277
TABULA_MURIS_SENIS_AORTA_FIBROBLAST_OF_CARDIAC_TISSUE_AGEING	0.00202839756592292	0.00428265524625268	0.119818020017798	3.37225266736333	0	629
TABULA_MURIS_SENIS_AORTA_PROFESSIONAL_ANTIGEN_PRESENTING_CELL_AGEING	0.00209205020920502	0.00428265524625268	0.217611173543105	2.45932499393202	0	96
TABULA_MURIS_SENIS_BROWN_ADIPOSE_TISSUE_B_CELL_AGEING	0.0020703933747412	0.00428265524625268	0.127461034427181	2.3833296800353	0	263
TABULA_MURIS_SENIS_BROWN_ADIPOSE_TISSUE_T_CELL_AGEING	0.00217391304347826	0.00430561418319966	0.194616802950136	2.02942821240372	0	80
TABULA_MURIS_SENIS_BROWN_ADIPOSE_TISSUE_ENDOTHELIAL_CELL_AGEING	0.00206185567010309	0.00428265524625268	0.144431235619843	2.31959316324488	0	195
TABULA_MURIS_SENIS_BROWN_ADIPOSE_TISSUE_MESENCHYMAL_STEM_CELL_OF_ADIPOSE_AGEING	0.00199600798403194	0.00428265524625268	0.110235124359969	3.79840831885047	0	978
TABULA_MURIS_SENIS_BROWN_ADIPOSE_TISSUE_MYELOID_CELL_AGEING	0.450617283950617	0.531363733675872	0.0604339019089039	0.98012813283462	218	197
TABULA_MURIS_SENIS_BLADDER_BLADDER_CELL_AGEING	0.00202429149797571	0.00428265524625268	0.194828862981684	3.83948737888545	0	288
TABULA_MURIS_SENIS_BLADDER_BLADDER_UROTHELIAL_CELL_AGEING	0.00204498977505112	0.00428265524625268	0.325101843540703	4.40721913121753	0	140
TABULA_MURIS_SENIS_BLADDER_ENDOTHELIAL_CELL_AGEING	0.00204081632653061	0.00428265524625268	0.121470790739711	2.80513828478513	0	397
TABULA_MURIS_SENIS_BLADDER_LEUKOCYTE_AGEING	0.351351351351351	0.426640926640927	-0.318707157659812	-1.09661264654395	181	8
TABULA_MURIS_SENIS_BRAIN_MYELOID_MACROPHAGE_AGEING	0.026694045174538	0.0425436344969199	0.220885093167702	1.67643200138268	12	42
TABULA_MURIS_SENIS_BRAIN_MYELOID_MICROGLIAL_CELL_AGEING	0.00204918032786885	0.00428265524625268	0.267834501926891	5.20173013911198	0	283
TABULA_MURIS_SENIS_BRAIN_NON_MYELOID_ASTROCYTE_AGEING	0.0020703933747412	0.00428265524625268	0.131285482744819	3.05551635486178	0	413
TABULA_MURIS_SENIS_BRAIN_NON_MYELOID_BRAIN_PERICYTE_AGEING	0.00204918032786885	0.00428265524625268	0.245697372399656	7.21669891245209	0	708
TABULA_MURIS_SENIS_BRAIN_NON_MYELOID_ENDOTHELIAL_CELL_AGEING	0.00202020202020202	0.00428265524625268	0.245033106311411	5.30067890076832	0	346
TABULA_MURIS_SENIS_BRAIN_NON_MYELOID_INTERNEURON_AGEING	0.471953578336557	0.544710695499708	0.139372636736433	0.984684115890914	243	36
TABULA_MURIS_SENIS_BRAIN_NON_MYELOID_NEURON_AGEING	0.00198807157057654	0.00428265524625268	0.111389270434041	3.45964052202195	0	761
TABULA_MURIS_SENIS_BRAIN_NON_MYELOID_OLIGODENDROCYTE_AGEING	0.00193423597678917	0.00428265524625268	0.228671376876337	8.10288895283045	0	1038
TABULA_MURIS_SENIS_BRAIN_NON_MYELOID_OLIGODENDROCYTE_PRECURSOR_CELL_AGEING	0.00203665987780041	0.00428265524625268	0.187693065741846	4.21827010944778	0	377
TABULA_MURIS_SENIS_DIAPHRAGM_B_CELL_AGEING	0.962226640159046	0.966966672869189	-0.135664224159799	-0.542109343273313	483	11
TABULA_MURIS_SENIS_DIAPHRAGM_ENDOTHELIAL_CELL_AGEING	0.147474747474747	0.201911734797641	0.268276253279444	1.3657069490028	72	18
TABULA_MURIS_SENIS_DIAPHRAGM_MACROPHAGE_AGEING	0.148760330578512	0.202314049586777	0.274683407701439	1.35087354957806	71	17
TABULA_MURIS_SENIS_DIAPHRAGM_MESENCHYMAL_STEM_CELL_AGEING	0.00206611570247934	0.00428265524625268	0.266518121376156	5.69850696493409	0	342
TABULA_MURIS_SENIS_DIAPHRAGM_SKELETAL_MUSCLE_SATELLITE_CELL_AGEING	0.0020703933747412	0.00428265524625268	0.35664927316805	6.23681786218685	0	225
TABULA_MURIS_SENIS_GONADAL_ADIPOSE_TISSUE_B_CELL_AGEING	0.00213219616204691	0.00428265524625268	0.267411697218684	2.73256573807807	0	76
TABULA_MURIS_SENIS_GONADAL_ADIPOSE_TISSUE_T_CELL_AGEING	0.233400402414487	0.299457120078964	0.275435034624892	1.19581932910378	115	13
TABULA_MURIS_SENIS_GONADAL_ADIPOSE_TISSUE_ENDOTHELIAL_CELL_AGEING	0.0019723865877712	0.00428265524625268	0.0971624358456122	3.38807878972569	0	1006
TABULA_MURIS_SENIS_GONADAL_ADIPOSE_TISSUE_MESENCHYMAL_STEM_CELL_OF_ADIPOSE_AGEING	0.00202020202020202	0.00428265524625268	0.142281368982776	4.0271016625027	0	632
TABULA_MURIS_SENIS_GONADAL_ADIPOSE_TISSUE_MYELOID_CELL_AGEING	0.00205338809034908	0.00428265524625268	0.21881117932786	4.10031186178799	0	264
TABULA_MURIS_SENIS_HEART_T_CELL_AGEING	0.072289156626506	0.104588567034094	0.384789540816326	1.48609865770872	35	10
TABULA_MURIS_SENIS_HEART_ATRIAL_MYOCYTE_AGEING	0.00210084033613445	0.00428265524625268	0.180815203364178	2.10164302641656	0	103
TABULA_MURIS_SENIS_HEART_ENDOCARDIAL_CELL_AGEING	0.0266393442622951	0.0425436344969199	0.206104403219788	1.70215923869068	12	48
TABULA_MURIS_SENIS_HEART_ENDOTHELIAL_CELL_OF_CORONARY_ARTERY_AGEING	0.00206185567010309	0.00428265524625268	0.271622571975293	3.40084867440634	0	118
TABULA_MURIS_SENIS_HEART_FIBROBLAST_OF_CARDIAC_TISSUE_AGEING	0.0020703933747412	0.00428265524625268	0.221195890538403	3.62234701916333	0	201
TABULA_MURIS_SENIS_HEART_MONOCYTE_AGEING	0.00210970464135021	0.00428265524625268	0.315511648897162	3.85463150526339	0	114
TABULA_MURIS_SENIS_HEART_VALVE_CELL_AGEING	0.00415800415800416	0.00785400785400785	0.173555376480716	2.10755017916433	1	111
TABULA_MURIS_SENIS_HEART_VENTRICULAR_MYOCYTE_AGEING	0.00210970464135021	0.00428265524625268	0.260857811332626	2.95055808392843	0	98
TABULA_MURIS_SENIS_HEART_AND_AORTA_CARDIOMYOCYTE_AGEING	0.00209205020920502	0.00428265524625268	0.321808773555762	3.76343934500555	0	104
TABULA_MURIS_SENIS_HEART_AND_AORTA_ENDOCARDIAL_CELL_AGEING	0.00204918032786885	0.00428265524625268	0.465025371170832	3.15779704709464	0	34
TABULA_MURIS_SENIS_HEART_AND_AORTA_ENDOTHELIAL_CELL_OF_CORONARY_ARTERY_AGEING	0.00631578947368421	0.0116073968705548	0.117486558544514	2.06644901176993	2	229
TABULA_MURIS_SENIS_HEART_AND_AORTA_FIBROBLAST_OF_CARDIAC_TISSUE_AGEING	0.00205761316872428	0.00428265524625268	0.239413383999747	4.52787495160388	0	268
TABULA_MURIS_SENIS_HEART_AND_AORTA_LEUKOCYTE_AGEING	0.00209643605870021	0.00428265524625268	0.322747890307239	3.83963074309008	0	107
TABULA_MURIS_SENIS_HEART_AND_AORTA_SMOOTH_MUSCLE_CELL_AGEING	0.0408997955010225	0.0618041354237673	0.18884095268116	1.59526648590108	19	51
TABULA_MURIS_SENIS_KIDNEY_T_CELL_AGEING	0.472616632860041	0.544710695499708	0.131455481421273	0.979023862727291	232	41
TABULA_MURIS_SENIS_KIDNEY_BRUSH_CELL_AGEING	0.00202020202020202	0.00428265524625268	0.385546108567691	3.03813654439335	0	44
TABULA_MURIS_SENIS_KIDNEY_EPITHELIAL_CELL_OF_PROXIMAL_TUBULE_AGEING	0.00208768267223382	0.00428265524625268	0.272431828470704	5.76549437393994	0	340
TABULA_MURIS_SENIS_KIDNEY_FENESTRATED_CELL_AGEING	0.0082135523613963	0.0148280060329632	0.199431289137718	1.92168668945495	3	67
TABULA_MURIS_SENIS_KIDNEY_FIBROBLAST_AGEING	0.00204918032786885	0.00428265524625268	0.53626667919564	3.64156762405366	0	34
TABULA_MURIS_SENIS_KIDNEY_KIDNEY_COLLECTING_DUCT_EPITHELIAL_CELL_AGEING	0.254132231404959	0.322006057183923	0.245489820718907	1.20730155590717	122	17
TABULA_MURIS_SENIS_KIDNEY_KIDNEY_COLLECTING_DUCT_PRINCIPAL_CELL_AGEING	0.217118997912317	0.282116404930654	0.0578135986669107	1.2235133454208	103	340
TABULA_MURIS_SENIS_KIDNEY_KIDNEY_CORTEX_ARTERY_CELL_AGEING	0.12890625	0.180115582191781	-0.240915572857574	-1.37379723045849	65	23
TABULA_MURIS_SENIS_KIDNEY_KIDNEY_DISTAL_CONVOLUTED_TUBULE_EPITHELIAL_CELL_AGEING	0.00210970464135021	0.00428265524625268	0.231254833339887	2.61571932415116	0	98
TABULA_MURIS_SENIS_KIDNEY_KIDNEY_LOOP_OF_HENLE_THICK_ASCENDING_LIMB_EPITHELIAL_CELL_AGEING	0.0121212121212121	0.0209553158705701	0.118360139698646	1.84464958714249	5	182
TABULA_MURIS_SENIS_KIDNEY_KIDNEY_MESANGIAL_CELL_AGEING	0.146718146718147	0.201911734797641	-0.271605459604277	-1.34017180753468	75	17
TABULA_MURIS_SENIS_KIDNEY_KIDNEY_PROXIMAL_CONVOLUTED_TUBULE_EPITHELIAL_CELL_AGEING	0.00198019801980198	0.00428265524625268	0.194719982801247	2.80988645944691	0	150
TABULA_MURIS_SENIS_KIDNEY_MACROPHAGE_AGEING	0.00203252032520325	0.00428265524625268	0.221061439158499	2.50532163119438	0	94
TABULA_MURIS_SENIS_KIDNEY_PODOCYTE_AGEING	0.00395256916996047	0.00763701707097933	0.143363007959782	2.09286787921915	1	154
TABULA_MURIS_SENIS_LARGE_INTESTINE_BRUSH_CELL_OF_EPITHELIUM_PROPER_OF_LARGE_INTESTINE_AGEING	0.547131147540984	0.620081967213115	0.174139777045326	0.905632092149769	266	19
TABULA_MURIS_SENIS_LARGE_INTESTINE_ENTEROCYTE_OF_EPITHELIUM_OF_LARGE_INTESTINE_AGEING	0.00192678227360308	0.00428265524625268	0.265745006934229	9.54887757127251	0	1076
TABULA_MURIS_SENIS_LARGE_INTESTINE_INTESTINAL_CRYPT_STEM_CELL_AGEING	0.00208333333333333	0.00428265524625268	0.312361225747201	6.61731249114709	0	338
TABULA_MURIS_SENIS_LARGE_INTESTINE_LARGE_INTESTINE_GOBLET_CELL_AGEING	0.00201612903225806	0.00428265524625268	0.300975295318673	9.09483376180845	0	731
TABULA_MURIS_SENIS_LARGE_INTESTINE_SECRETORY_CELL_AGEING	0.00199600798403194	0.00428265524625268	0.239750232399977	7.01669975141109	0	673
TABULA_MURIS_SENIS_LIMB_MUSCLE_B_CELL_AGEING	0.0890688259109312	0.126180836707152	0.0876452444467245	1.44554623777256	43	202
TABULA_MURIS_SENIS_LIMB_MUSCLE_SCHWANN_CELL_AGEING	0.732142857142857	0.773871206513693	-0.199266581632653	-0.762364283505436	368	10
TABULA_MURIS_SENIS_LIMB_MUSCLE_T_CELL_AGEING	0.379310344827586	0.45786574168537	0.0626442803842185	1.03442327470192	186	204
TABULA_MURIS_SENIS_LIMB_MUSCLE_ENDOTHELIAL_CELL_AGEING	0.0329457364341085	0.0513048109355583	-0.131456154465004	-1.67802500672353	16	124
TABULA_MURIS_SENIS_LIMB_MUSCLE_MACROPHAGE_AGEING	0.00206611570247934	0.00428265524625268	0.344820228315374	3.83281886906224	0	91
TABULA_MURIS_SENIS_LIMB_MUSCLE_MESENCHYMAL_STEM_CELL_AGEING	0.01	0.0177391304347826	-0.151155242309425	-2.08648436256456	4	146
TABULA_MURIS_SENIS_LIMB_MUSCLE_SKELETAL_MUSCLE_SATELLITE_CELL_AGEING	0.0916666666666667	0.128965517241379	0.123612147083912	1.4554946977056	43	105
TABULA_MURIS_SENIS_LIMB_MUSCLE_SMOOTH_MUSCLE_CELL_AGEING	0.186836518046709	0.249115357395612	0.119425669225188	1.27710433652876	87	84
TABULA_MURIS_SENIS_LIVER_NK_CELL_AGEING	0.0124740124740125	0.0213840213840214	0.101671956137666	1.83106202467834	5	242
TABULA_MURIS_SENIS_LIVER_ENDOTHELIAL_CELL_OF_HEPATIC_SINUSOID_AGEING	0.55511811023622	0.625657980597729	-0.0422591590271562	-0.916732060163677	281	372
TABULA_MURIS_SENIS_LIVER_HEPATOCYTE_AGEING	0.00210084033613445	0.00428265524625268	0.254138511878255	2.75290446450541	0	87
TABULA_MURIS_SENIS_LIVER_MATURE_NK_T_CELL_AGEING	0.0145833333333333	0.0243852459016393	0.154777779052821	1.82246034915245	6	105
TABULA_MURIS_SENIS_LIVER_MYELOID_LEUKOCYTE_AGEING	0.213147410358566	0.278731228930432	-0.191357973707757	-1.21383323117697	106	29
TABULA_MURIS_SENIS_LUNG_B_CELL_AGEING	0.658203125	0.721900201612903	-0.0882495680701959	-0.837351587767074	336	66
TABULA_MURIS_SENIS_LUNG_CD4_POSITIVE_ALPHA_BETA_T_CELL_AGEING	0.459915611814346	0.53921140695475	0.0877505144639744	0.992544514951914	217	98
TABULA_MURIS_SENIS_LUNG_CD8_POSITIVE_ALPHA_BETA_T_CELL_AGEING	0.416161616161616	0.496473506999823	0.199957455860455	1.01791822285923	205	18
TABULA_MURIS_SENIS_LUNG_NK_CELL_AGEING	0.00203665987780041	0.00428265524625268	0.379547662148439	3.41077411734865	0	58
TABULA_MURIS_SENIS_LUNG_T_CELL_AGEING	0.249063670411985	0.317556179775281	-0.419985656227588	-1.16947862108656	132	5
TABULA_MURIS_SENIS_LUNG_ADVENTITIAL_CELL_AGEING	0.0020703933747412	0.00428265524625268	0.20527170671374	3.36156948089408	0	201
TABULA_MURIS_SENIS_LUNG_ALVEOLAR_MACROPHAGE_AGEING	0.00411522633744856	0.00784585208261221	0.160873796486129	2.07062142456851	1	124
TABULA_MURIS_SENIS_LUNG_BRONCHIAL_SMOOTH_MUSCLE_CELL_AGEING	0.29718875502008	0.370632155301145	0.0839128210472464	1.12690882753556	147	136
TABULA_MURIS_SENIS_LUNG_CLASSICAL_MONOCYTE_AGEING	0.00202839756592292	0.00428265524625268	0.271061378969886	6.28357712977316	0	400
TABULA_MURIS_SENIS_LUNG_ENDOTHELIAL_CELL_OF_LYMPHATIC_VESSEL_AGEING	0.987012987012987	0.987012987012987	0.164036765487196	0.495141768993734	455	6
TABULA_MURIS_SENIS_LUNG_FIBROBLAST_OF_LUNG_AGEING	0.00203665987780041	0.00428265524625268	0.138579185894061	2.18812879146099	0	188
TABULA_MURIS_SENIS_LUNG_INTERMEDIATE_MONOCYTE_AGEING	0.00203665987780041	0.00428265524625268	0.204416593418003	4.50659051288615	0	361
TABULA_MURIS_SENIS_LUNG_MATURE_NK_T_CELL_AGEING	0.924603174603175	0.933757661480434	-0.154862882653061	-0.592482340029469	465	10
TABULA_MURIS_SENIS_LUNG_NEUTROPHIL_AGEING	0.393638170974155	0.472365805168986	-0.257224239525125	-1.02785877726092	197	11
TABULA_MURIS_SENIS_LUNG_NON_CLASSICAL_MONOCYTE_AGEING	0.715127701375246	0.763801314557854	-0.136046820963022	-0.792909476611658	363	24
TABULA_MURIS_SENIS_LUNG_PULMONARY_INTERSTITIAL_FIBROBLAST_AGEING	0.749027237354086	0.780612244897959	-0.149686141960406	-0.778932888200837	384	19
TABULA_MURIS_SENIS_LUNG_SMOOTH_MUSCLE_CELL_OF_THE_PULMONARY_ARTERY_AGEING	0.219101123595506	0.282890058313184	-0.432895051398518	-1.20542570984947	116	5
TABULA_MURIS_SENIS_LUNG_TYPE_II_PNEUMOCYTE_AGEING	0.002	0.00428265524625268	0.315451941620166	2.17787510301775	0	35
TABULA_MURIS_SENIS_MESENTERIC_ADIPOSE_TISSUE_B_CELL_AGEING	0.00203665987780041	0.00428265524625268	0.30076659013643	2.70281443756948	0	58
TABULA_MURIS_SENIS_MESENTERIC_ADIPOSE_TISSUE_CD4_POSITIVE_ALPHA_BETA_T_CELL_AGEING	0.297959183673469	0.370632155301145	0.122044750103431	1.10693897637795	145	59
TABULA_MURIS_SENIS_MESENTERIC_ADIPOSE_TISSUE_CD8_POSITIVE_ALPHA_BETA_T_CELL_AGEING	0.016	0.0265365853658537	0.399191159717475	1.78449763857508	7	14
TABULA_MURIS_SENIS_MESENTERIC_ADIPOSE_TISSUE_ENDOTHELIAL_CELL_AGEING	0.0385395537525355	0.0591133004926108	0.167346033740461	1.59633049215453	18	65
TABULA_MURIS_SENIS_MESENTERIC_ADIPOSE_TISSUE_MACROPHAGE_AGEING	0.00206611570247934	0.00428265524625268	0.23237791031838	2.24724365946997	0	68
TABULA_MURIS_SENIS_MESENTERIC_ADIPOSE_TISSUE_MESENCHYMAL_STEM_CELL_OF_ADIPOSE_AGEING	0.00203252032520325	0.00428265524625268	0.159708855614809	4.47247987596771	0	623
TABULA_MURIS_SENIS_MESENTERIC_ADIPOSE_TISSUE_MYELOID_CELL_AGEING	0.18019801980198	0.241844710786868	-0.296400115314077	-1.2805951813455	90	13
TABULA_MURIS_SENIS_MAMMARY_GLAND_B_CELL_AGEING	0.00204918032786885	0.00428265524625268	0.138962294347353	2.56627596346029	0	254
TABULA_MURIS_SENIS_MAMMARY_GLAND_T_CELL_AGEING	0.00198807157057654	0.00428265524625268	0.174797864328593	4.23793204010844	0	441
TABULA_MURIS_SENIS_MAMMARY_GLAND_BASAL_CELL_AGEING	0.00205338809034908	0.00428265524625268	0.12406058140395	2.324776435434	0	264
TABULA_MURIS_SENIS_MAMMARY_GLAND_ENDOTHELIAL_CELL_AGEING	0.00204498977505112	0.00428265524625268	0.112551662900616	2.89066883198798	0	518
TABULA_MURIS_SENIS_MAMMARY_GLAND_LUMINAL_EPITHELIAL_CELL_OF_MAMMARY_GLAND_AGEING	0.014344262295082	0.0241837149437746	0.0902527986527148	1.75512861148349	6	281
TABULA_MURIS_SENIS_MAMMARY_GLAND_MACROPHAGE_AGEING	0.00202429149797571	0.00428265524625268	0.2253903122498	2.14064460322382	0	64
TABULA_MURIS_SENIS_MAMMARY_GLAND_STROMAL_CELL_AGEING	0.00205761316872428	0.00428265524625268	0.185688980363047	3.65574326121946	0	290
TABULA_MURIS_SENIS_MARROW_CD4_POSITIVE_ALPHA_BETA_T_CELL_AGEING	0.684210526315789	0.738512949039265	-0.125029947292765	-0.836796825057556	350	32
TABULA_MURIS_SENIS_MARROW_NK_CELL_AGEING	0.0020703933747412	0.00428265524625268	0.241538971335396	6.08730021101782	0	489
TABULA_MURIS_SENIS_MARROW_EARLY_PRO_B_CELL_AGEING	0.658119658119658	0.721900201612903	0.30053390708423	0.84554156425716	307	5
TABULA_MURIS_SENIS_MARROW_ERYTHROBLAST_AGEING	0.00196078431372549	0.00428265524625268	0.339151569143866	5.07698930224236	0	166
TABULA_MURIS_SENIS_MARROW_GRANULOCYTE_AGEING	0.00988142292490119	0.0176825462866653	0.240902106039207	1.91831973175328	4	45
TABULA_MURIS_SENIS_MARROW_GRANULOCYTE_MONOCYTE_PROGENITOR_CELL_AGEING	0.00199203187250996	0.00428265524625268	0.304001609775934	4.62885587885797	0	173
TABULA_MURIS_SENIS_MARROW_GRANULOCYTOPOIETIC_CELL_AGEING	0.00202839756592292	0.00428265524625268	0.301977740411562	2.88059575835858	0	65
TABULA_MURIS_SENIS_MARROW_HEMATOPOIETIC_PRECURSOR_CELL_AGEING	0.482965931863727	0.553511517416856	0.109291772397869	0.967845135493435	240	56
TABULA_MURIS_SENIS_MARROW_HEMATOPOIETIC_STEM_CELL_AGEING	0.00198412698412698	0.00428265524625268	0.258471723006277	7.48026867246187	0	653
TABULA_MURIS_SENIS_MARROW_IMMATURE_B_CELL_AGEING	0.00205761316872428	0.00428265524625268	0.33981286360116	5.83846240536049	0	216
TABULA_MURIS_SENIS_MARROW_LATE_PRO_B_CELL_AGEING	0.00210526315789474	0.00428265524625268	0.335928855505461	5.90858954491587	0	229
TABULA_MURIS_SENIS_MARROW_MACROPHAGE_AGEING	0.0019723865877712	0.00428265524625268	0.345631519279754	5.04044465653689	0	153
TABULA_MURIS_SENIS_MARROW_MATURE_ALPHA_BETA_T_CELL_AGEING	0.00204498977505112	0.00428265524625268	0.0887683505046581	2.32825700526745	0	540
TABULA_MURIS_SENIS_MARROW_MEGAKARYOCYTE_ERYTHROID_PROGENITOR_CELL_AGEING	0.00201612903225806	0.00428265524625268	0.432050474678398	2.62616811470407	0	27
TABULA_MURIS_SENIS_MARROW_MONOCYTE_AGEING	0.00193423597678917	0.00428265524625268	0.341086613054979	2.40981714835041	0	36
TABULA_MURIS_SENIS_MARROW_NAIVE_B_CELL_AGEING	0.00202839756592292	0.00428265524625268	0.26846197687673	5.15462615036636	0	272
TABULA_MURIS_SENIS_MARROW_NAIVE_T_CELL_AGEING	0.077079107505071	0.11073336571151	0.259942803937217	1.50164761099919	37	24
TABULA_MURIS_SENIS_MARROW_PRECURSOR_B_CELL_AGEING	0.00209643605870021	0.00428265524625268	0.407583105638937	4.84888877595955	0	107
TABULA_MURIS_SENIS_MARROW_PROERYTHROBLAST_AGEING	0.00203665987780041	0.00428265524625268	0.301019613128203	2.67525238296085	0	57
TABULA_MURIS_SENIS_MARROW_PROMONOCYTE_AGEING	0.00203252032520325	0.00428265524625268	0.355472921580528	3.61101185804264	0	73
TABULA_MURIS_SENIS_PANCREAS_ENDOTHELIAL_CELL_AGEING	0.00200803212851406	0.00428265524625268	0.122393463283902	2.37642909971312	0	277
TABULA_MURIS_SENIS_PANCREAS_LEUKOCYTE_AGEING	0.13682092555332	0.189873937502566	0.220529869300427	1.36221080604316	67	28
TABULA_MURIS_SENIS_PANCREAS_PANCREATIC_ALPHA_CELL_AGEING	0.00210084033613445	0.00428265524625268	0.26590993977947	3.09071228632694	0	103
TABULA_MURIS_SENIS_PANCREAS_PANCREATIC_BETA_CELL_AGEING	0.0120967741935484	0.0209553158705701	0.129084811730394	1.87642367615165	5	155
TABULA_MURIS_SENIS_PANCREAS_PANCREATIC_DELTA_CELL_AGEING	0.00199600798403194	0.00428265524625268	0.166604657571999	2.47682981002304	0	164
TABULA_MURIS_SENIS_PANCREAS_PANCREATIC_POLYPEPTIDE_CELL_AGEING	0.00631578947368421	0.0116073968705548	0.168273614914799	2.01629274751608	2	109
TABULA_MURIS_SENIS_PANCREAS_PANCREATIC_DUCTAL_CELL_AGEING	0.0020746887966805	0.00428265524625268	0.124739041012818	2.28684350166542	0	252
TABULA_MURIS_SENIS_PANCREAS_PANCREATIC_STELLATE_CELL_AGEING	0.471861471861472	0.544710695499708	0.322202741472745	0.972562674676112	217	6
TABULA_MURIS_SENIS_SUBCUTANEOUS_ADIPOSE_TISSUE_B_CELL_AGEING	0.00210970464135021	0.00428265524625268	0.201239725986633	2.38535425875405	0	108
TABULA_MURIS_SENIS_SUBCUTANEOUS_ADIPOSE_TISSUE_ENDOTHELIAL_CELL_AGEING	0.0528375733855186	0.0786778465010642	0.109614582671464	1.59122335972816	26	151
TABULA_MURIS_SENIS_SUBCUTANEOUS_ADIPOSE_TISSUE_EPITHELIAL_CELL_AGEING	0.00784313725490196	0.0142857142857143	-0.0823945484710006	-1.99345935058491	3	468
TABULA_MURIS_SENIS_SUBCUTANEOUS_ADIPOSE_TISSUE_MESENCHYMAL_STEM_CELL_OF_ADIPOSE_AGEING	0.010351966873706	0.0182051831227244	0.112225376483629	1.96251411485127	4	225
TABULA_MURIS_SENIS_SUBCUTANEOUS_ADIPOSE_TISSUE_MYELOID_CELL_AGEING	0.00201207243460765	0.00428265524625268	0.17078488372093	2.56904463764181	0	170
TABULA_MURIS_SENIS_SKIN_BASAL_CELL_OF_EPIDERMIS_AGEING	0.00202429149797571	0.00428265524625268	0.270114785816921	8.81461136850895	0	866
TABULA_MURIS_SENIS_SKIN_BULGE_KERATINOCYTE_AGEING	0.00203665987780041	0.00428265524625268	0.221448083385223	6.92208360688133	0	783
TABULA_MURIS_SENIS_SKIN_EPIDERMAL_CELL_AGEING	0.00206611570247934	0.00428265524625268	0.208020310553392	5.39090728450892	0	529
TABULA_MURIS_SENIS_SPLEEN_B_CELL_AGEING	0.0397489539748954	0.0605133329170049	0.160009616155141	1.63072211903302	18	75
TABULA_MURIS_SENIS_SPLEEN_CD4_POSITIVE_ALPHA_BETA_T_CELL_AGEING	0.730061349693252	0.773871206513693	0.0582901792906626	0.790206510470754	356	140
TABULA_MURIS_SENIS_SPLEEN_CD8_POSITIVE_ALPHA_BETA_T_CELL_AGEING	0.00197628458498024	0.00428265524625268	0.233669319963736	3.23717388296247	0	143
TABULA_MURIS_SENIS_SPLEEN_NK_CELL_AGEING	0.00206185567010309	0.00428265524625268	0.453902137593262	4.46443924566218	0	70
TABULA_MURIS_SENIS_SPLEEN_T_CELL_AGEING	0.0423387096774194	0.063508064516129	0.0928448360801983	1.58829295368495	20	213
TABULA_MURIS_SENIS_SPLEEN_GRANULOCYTE_AGEING	0.029045643153527	0.0459326449869729	0.100312570541904	1.63415854360316	13	199
TABULA_MURIS_SENIS_SPLEEN_MACROPHAGE_AGEING	0.0213219616204691	0.0347974413646055	0.156373854968797	1.77668632920098	9	99
TABULA_MURIS_SENIS_SPLEEN_MACROPHAGE_DENDRITIC_CELL_PROGENITOR_AGEING	0.00432900432900433	0.0081019897533659	0.706566783551164	2.13275801970775	1	6
TABULA_MURIS_SENIS_SPLEEN_MATURE_NK_T_CELL_AGEING	0.00214132762312634	0.00428265524625268	0.430417536534447	4.89743729698704	0	100
TABULA_MURIS_SENIS_SPLEEN_MEGAKARYOCYTE_ERYTHROID_PROGENITOR_CELL_AGEING	0.00396825396825397	0.00763701707097933	0.224027533215944	2.06667571882053	1	60
TABULA_MURIS_SENIS_SPLEEN_PROERYTHROBLAST_AGEING	0.00194552529182879	0.00428265524625268	0.178326582742724	6.43881025378597	0	1084
TABULA_MURIS_SENIS_THYMUS_DN4_THYMOCYTE_AGEING	0.00203252032520325	0.00428265524625268	0.222493939841291	3.53062112801065	0	189
TABULA_MURIS_SENIS_THYMUS_IMMATURE_T_CELL_AGEING	0.320512820512821	0.393883225208526	0.398469997609371	1.12108130612279	149	5
TABULA_MURIS_SENIS_THYMUS_PROFESSIONAL_ANTIGEN_PRESENTING_CELL_AGEING	0.00203665987780041	0.00428265524625268	0.472057153365931	4.19531475478333	0	57
TABULA_MURIS_SENIS_THYMUS_THYMOCYTE_AGEING	0.00198412698412698	0.00428265524625268	0.311215691784944	9.00669892458964	0	653
TABULA_MURIS_SENIS_TONGUE_LANGERHANS_CELL_AGEING	0.769539078156313	0.792858444161049	0.18072609365864	0.762386415365517	383	12
TABULA_MURIS_SENIS_TONGUE_BASAL_CELL_OF_EPIDERMIS_AGEING	0.00204081632653061	0.00428265524625268	0.396298052131677	4.94921728413803	0	116
TABULA_MURIS_SENIS_TONGUE_KERATINOCYTE_AGEING	0.0551020408163265	0.081455190771961	0.271944707560034	1.54568822710398	26	23
TABULA_MURIS_SENIS_TRACHEA_T_CELL_AGEING	0.00201207243460765	0.00428265524625268	0.143525705901041	3.33886559978205	0	402
TABULA_MURIS_SENIS_TRACHEA_BASAL_EPITHELIAL_CELL_OF_TRACHEOBRONCHIAL_TREE_AGEING	0.00206611570247934	0.00428265524625268	0.410385259631491	2.01824564873418	0	17
TABULA_MURIS_SENIS_TRACHEA_ENDOTHELIAL_CELL_AGEING	0.00205761316872428	0.00428265524625268	0.201531005374873	3.34085828647516	0	206
TABULA_MURIS_SENIS_TRACHEA_FIBROBLAST_AGEING	0.00213675213675214	0.00428265524625268	0.286843235575741	3.22193503650116	0	97
TABULA_MURIS_SENIS_TRACHEA_GRANULOCYTE_AGEING	0.662	0.722181818181818	0.122431047664692	0.845261972951722	330	35
TABULA_MURIS_SENIS_TRACHEA_MACROPHAGE_AGEING	0.00204081632653061	0.00428265524625268	0.50683428581602	5.10197688274531	0	72
TABULA_MURIS_SENISTRACHEA_SMOOTH_MUSCLE_CELL_OF_TRACHEA_AGEING	0.0786290322580645	0.11217008797654	0.270480293601404	1.46315887308756	38	20
