pathway	pval	padj	ES	NES	nMoreExtreme	size
GOCC_NUCLEOTIDE_EXCISION_REPAIR_COMPLEX	0.898608349900596	0.945624977336186	0.144884777928395	0.629527020505571	451	13
GOCC_HISTONE_DEACETYLASE_COMPLEX	0.00575815738963532	0.0648752127056154	-0.206547779102509	-2.17703323696402	2	79
GOCC_RNA_POLYMERASE_I_TRANSCRIPTION_REGULATOR_COMPLEX	0.358381502890173	0.610331290937522	0.387999043748506	1.0846932593937	185	5
GOCC_SAGA_COMPLEX	0.592445328031809	0.782233008873168	0.15641556765309	0.887961454732592	297	23
GOCC_TRANSCRIPTION_FACTOR_TFIIIC_COMPLEX	0.535714285714286	0.746086105675147	-0.301774519179683	-0.92909815327661	269	6
GOCC_GOLGI_CIS_CISTERNA	0.922448979591837	0.955757609747206	-0.179718635421648	-0.621424631167955	451	8
GOCC_GOLGI_TRANS_CISTERNA	0.539419087136929	0.748582314371788	-0.217907829692234	-0.92272288626946	259	12
GOCC_GOLGI_MEMBRANE	0.208416833667335	0.472033175261414	-0.0730325383471255	-1.24365212650283	103	226
GOCC_EXOCYST	0.0678642714570858	0.253234121963563	-0.280481103311352	-1.47320169534813	33	18
GOCC_UBIQUITIN_LIGASE_COMPLEX	0.0202839756592292	0.12994759490435	-0.0972439271779609	-1.79988714446588	9	275
GOCC_NUCLEAR_UBIQUITIN_LIGASE_COMPLEX	0.0796116504854369	0.271195483039168	0.191225210187128	1.46054840935257	40	43
GOCC_CYTOPLASMIC_UBIQUITIN_LIGASE_COMPLEX	0.499005964214712	0.720174222801989	0.218084682242245	0.947581948862266	250	13
GOCC_PROTEIN_PHOSPHATASE_TYPE_2A_COMPLEX	0.525896414342629	0.740744556833838	0.191099058861062	0.923078431457362	263	16
GOCC_PROTEIN_PHOSPHATASE_TYPE_1_COMPLEX	0.727650727650728	0.861836779175489	-0.196379001688736	-0.795089684179637	349	11
GOCC_RIBONUCLEASE_MRP_COMPLEX	0.278455284552846	0.53980208763952	0.348131027337212	1.13553644070579	136	7
GOCC_NUCLEAR_EXOSOME_RNASE_COMPLEX	0.207661290322581	0.471666169714918	0.277751196172249	1.23949108602536	102	14
GOCC_CYTOPLASMIC_EXOSOME_RNASE_COMPLEX	0.293069306930693	0.556345261082125	0.243501608315389	1.13195143828577	147	15
GOCC_VACUOLAR_PROTON_TRANSPORTING_V_TYPE_ATPASE_V1_DOMAIN	0.140873015873016	0.374705841638981	-0.432260121134842	-1.33083496039762	70	6
GOCC_NUCLEAR_CHROMOSOME	0.0489236790606654	0.2111564450024	0.0993083588724684	1.63705399421282	24	199
GOCC_PERICENTRIOLAR_MATERIAL	0.0861723446893788	0.281160228101016	-0.249634818693119	-1.46006509434589	42	23
GOCC_MITOCHONDRIAL_PROTON_TRANSPORTING_ATP_SYNTHASE_COMPLEX_CATALYTIC_SECTOR_F_1	0.179190751445087	0.429386597706543	0.458538528966452	1.28189401380227	92	5
GOCC_CYCLIN_DEPENDENT_PROTEIN_KINASE_HOLOENZYME_COMPLEX	0.826510721247563	0.918903171253366	0.0893950451576904	0.7125088119878	423	47
GOCC_ORGANELLAR_RIBOSOME	0.00205761316872428	0.0305764411027569	0.3281996026921	3.64696152750369	0	91
GOCC_TRANSCRIPTION_EXPORT_COMPLEX	0.977955911823647	0.986581763306105	-0.120564548281636	-0.538033544264522	487	13
GOCC_THO_COMPLEX	0.872549019607843	0.936124235432004	-0.207596579717405	-0.69033174480464	444	7
GOCC_PHAGOPHORE_ASSEMBLY_SITE	0.37007874015748	0.618914177828653	0.153981311396853	1.05674883204329	187	33
GOCC_EKC_KEOPS_COMPLEX	0.474509803921569	0.701415946022997	-0.28919832857029	-0.961686300556017	241	7
GOCC_AUTOPHAGOSOME_MEMBRANE	0.613725490196078	0.804525535142424	0.123063229605286	0.864243783249534	312	35
GOCC_TRANSCRIPTION_FACTOR_TFIIH_CORE_COMPLEX	0.350730688935282	0.606300539083558	-0.281489158163265	-1.08274278570492	167	10
GOCC_PROTEASOME_COMPLEX	0.0461847389558233	0.20614163972965	0.178447109375807	1.62428701215968	22	62
GOCC_GLYCOSYLPHOSPHATIDYLINOSITOL_N_ACETYLGLUCOSAMINYLTRANSFERASE_GPI_GNT_COMPLEX	0.587890625	0.780207787672429	0.251115893511876	0.884815293583559	300	8
GOCC_CHROMOSOME_CENTROMERIC_REGION	0.0138613861386139	0.107484477261285	0.112806623732276	1.91881296304624	6	215
GOCC_CONDENSED_CHROMOSOME_CENTROMERIC_REGION	0.00607287449392713	0.0653727077875685	0.14904395779046	2.18997207967157	2	163
GOCC_CHROMOSOME_TELOMERIC_REGION	0.130705394190871	0.361315515663587	0.110964574402601	1.34456803350034	62	109
GOCC_CHROMATIN	0.00596421471172962	0.0649673388241977	-0.0754938784153975	-2.00473812287738	2	531
GOCC_NUCLEOSOME	0.738955823293173	0.866283986034664	-0.0934636615174984	-0.76900141895983	367	46
GOCC_EUCHROMATIN	0.480314960629921	0.706572651087424	0.111100633244176	0.962703660560499	243	56
GOCC_HETEROCHROMATIN	0.629343629343629	0.809459179086414	-0.0763888888888889	-0.854508368261365	325	90
GOCC_CONDENSED_CHROMOSOME	0.0019723865877712	0.0305764411027569	0.146268644238717	2.60628888173564	0	233
GOCC_CONDENSED_NUCLEAR_CHROMOSOME	0.0078125	0.0768471665231906	0.233173798926275	1.96968736382586	3	53
GOCC_CONDENSIN_COMPLEX	0.140625	0.374705841638981	0.374860513311015	1.320833621877	71	8
GOCC_LATERAL_ELEMENT	0.120458891013384	0.347696798981851	0.360028698979592	1.40349547384432	62	10
GOCC_SEX_CHROMOSOME	0.195020746887967	0.455214243373698	-0.172129147602504	-1.26032631115984	93	37
GOCC_X_CHROMOSOME	0.69022869022869	0.839839430264962	-0.201582918397078	-0.816159047281353	331	11
GOCC_ORIGIN_RECOGNITION_COMPLEX	0.4296875	0.670545283319185	0.289275466284075	1.0192718312135	219	8
GOCC_SWR1_COMPLEX	0.423459244532803	0.670355032435147	0.233314727693166	1.01375677600402	212	13
GOCC_ESCRT_I_COMPLEX	0.778202676864245	0.891183290776951	0.194818239795918	0.759457561441197	406	10
GOCC_ER_UBIQUITIN_LIGASE_COMPLEX	0.728174603174603	0.861836779175489	-0.26251195409627	-0.80821724917953	366	6
GOCC_SPINDLE_POLE	0.0672097759674134	0.2520366598778	0.11347519037884	1.5123677452321	32	131
GOCC_EQUATORIAL_MICROTUBULE_ORGANIZING_CENTER	0.491329479768786	0.716411845548009	0.349908359231811	0.978206634216009	254	5
GOCC_GAMMA_TUBULIN_COMPLEX	0.716	0.857513089005236	-0.16842797894401	-0.823451325359012	357	16
GOCC_GAMMA_TUBULIN_RING_COMPLEX	0.624497991967871	0.809370626983856	0.286659228562321	0.871169111150782	310	6
GOCC_P_BODY	0.00387596899224806	0.0489802473101012	-0.233963354451203	-2.41736047549931	1	76
GOCC_GARP_COMPLEX	0.33718689788054	0.597918627055608	0.395186867479481	1.10478759745025	174	5
GOCC_INNER_KINETOCHORE	0.710982658959538	0.854840300494797	0.291353892740457	0.814511294926115	368	5
GOCC_OUTER_KINETOCHORE	0.0161290322580645	0.112656981039153	0.403474595579859	1.80054369360404	7	14
GOCC_PRP19_COMPLEX	0.26008064516129	0.527606728373546	0.260697197539303	1.16338599780994	128	14
GOCC_SAM_COMPLEX	0.622350674373796	0.808879072517078	0.313762052753207	0.87715572798044	322	5
GOCC_PAM_COMPLEX_TIM23_ASSOCIATED_IMPORT_MOTOR	0.977225672877847	0.986581763306105	-0.189385608415013	-0.5372176365075	471	5
GOCC_OUTER_DENSE_FIBER	0.700396825396825	0.848835026945867	-0.267187333970885	-0.822611727610576	352	6
GOCC_MICROFIBRIL	0.0363288718929254	0.176982591876209	0.455675125105177	1.70198056565554	18	9
GOCC_CORNIFIED_ENVELOPE	0.245019920318725	0.510690722304404	0.245663183920881	1.18664313593181	122	16
GOCC_FIBRILLAR_CENTER	0.165631469979296	0.409751857120278	0.0970821562916234	1.29397236646136	79	132
GOCC_DENSE_FIBRILLAR_COMPONENT	0.922764227642276	0.955757609747206	0.19647269125232	0.640856123129875	453	7
GOCC_GRANULAR_COMPONENT	0.911764705882353	0.951271044335636	-0.19732662332487	-0.656180522635289	464	7
GOCC_ACROSOMAL_VESICLE	0.947154471544715	0.96790653892037	-0.0655808121231524	-0.604084639622227	465	60
GOCC_MALE_GERM_CELL_NUCLEUS	0.0277777777777778	0.150394477317554	0.205767086487478	1.69775467719312	13	51
GOCC_FEMALE_GERM_CELL_NUCLEUS	0.458891013384321	0.694585020242915	0.250701530612245	0.977306710541075	239	10
GOCC_RUFFLE	0.91869918699187	0.955238359201774	0.0476133823635446	0.641464657737273	451	134
GOCC_SEX_CHROMATIN	0.642857142857143	0.811918440003237	-0.276724046328764	-0.851973192137539	323	6
GOCC_BARR_BODY	0.646825396825397	0.812001343747375	-0.276538093720115	-0.851400684472668	325	6
GOCC_XY_BODY	0.838323353293413	0.924669888768124	-0.133562008083387	-0.701522399974749	419	18
GOCC_PHOTORECEPTOR_OUTER_SEGMENT	0.740286298568507	0.866283986034664	-0.102203951792575	-0.781929495471079	361	41
GOCC_IMMUNOLOGICAL_SYNAPSE	0.484909456740443	0.709907444668008	-0.154029850746269	-0.94025920017276	240	25
GOCC_PHAGOCYTIC_CUP	0.508910891089109	0.728722167991447	0.203477151287981	0.945892126348492	256	15
GOCC_PHOTORECEPTOR_INNER_SEGMENT	0.929292929292929	0.958627993577261	-0.0882968885637524	-0.594528054640035	459	31
GOCC_FEMALE_PRONUCLEUS	0.546938775510204	0.755965225969542	-0.271022636696955	-0.93713232160055	267	8
GOCC_MALE_PRONUCLEUS	0.478174603174603	0.705693164362519	-0.312666029114866	-0.962630745076206	240	6
GOCC_ACROSOMAL_MEMBRANE	0.853754940711462	0.928087534610465	-0.14855320118478	-0.68890245845448	431	14
GOCC_PODOSOME	0.899799599198397	0.945624977336186	-0.112472372863126	-0.657828849979379	448	23
GOCC_SEMAPHORIN_RECEPTOR_COMPLEX	0.705284552845528	0.851810705303276	0.250111011169432	0.815814004218472	346	7
GOCC_MANCHETTE	0.945720250521921	0.96790653892037	-0.168761348035959	-0.61382769093987	452	9
GOCC_PALMITOYLTRANSFERASE_COMPLEX	0.824489795918367	0.918885072277086	-0.210027100271003	-0.726224150405837	403	8
GOCC_RIBOSE_PHOSPHATE_DIPHOSPHOKINASE_COMPLEX	0.749482401656315	0.871380428863441	-0.273487927324886	-0.775785125176193	361	5
GOCC_ZONA_PELLUCIDA_RECEPTOR_COMPLEX	0.024390243902439	0.137759710930443	0.522242084049687	1.7034532137066	11	7
GOCC_COLLAGEN_TRIMER	0.00198412698412698	0.0305764411027569	0.492228904341289	3.41800062007137	0	34
GOCC_FIBRILLAR_COLLAGEN_TRIMER	0.00191204588910134	0.0305764411027569	0.829926658163265	3.23529294096887	0	10
GOCC_BASEMENT_MEMBRANE	0.00207900207900208	0.0305764411027569	0.259966007965298	2.69077147476929	0	79
GOCC_INTERSTITIAL_MATRIX	0.025390625	0.139954348644578	0.506157340985175	1.78346240853166	12	8
GOCC_NUCLEAR_ENVELOPE	0.0248565965583174	0.139532428532886	0.0824503614678634	1.8067694348126	12	357
GOCC_NUCLEAR_INNER_MEMBRANE	0.351190476190476	0.606300539083558	0.156253523773727	1.08501275816308	176	34
GOCC_LAMIN_FILAMENT	0.0327552986512524	0.168157958213207	0.582197784684038	1.62759682750675	16	5
GOCC_NUCLEAR_OUTER_MEMBRANE	0.203960396039604	0.46791220475431	0.267666214743334	1.2442840063988	102	15
GOCC_NUCLEAR_ENVELOPE_LUMEN	0.167014613778706	0.410802074213752	-0.351472476861078	-1.27839426154964	79	9
GOCC_ANNULATE_LAMELLAE	0.982352941176471	0.987750484809308	-0.153878559473522	-0.511700407559629	500	7
GOCC_NUCLEAR_PORE	0.0340681362725451	0.169414916790102	0.166060631337716	1.65321500747121	16	73
GOCC_NUCLEAR_LAMINA	0.0192307692307692	0.127508361204013	0.415377664381013	1.7515262111872	9	12
GOCC_NUCLEOLAR_RIBONUCLEASE_P_COMPLEX	0.495183044315992	0.716918489792932	0.348075543868037	0.973082800786956	256	5
GOCC_REPLICATION_FORK	0.00400801603206413	0.0489802473101012	0.233930571758574	2.26494546816045	1	69
GOCC_DNA_REPLICATION_FACTOR_A_COMPLEX	0.811133200795229	0.911032529798289	0.164899130850809	0.716489751461487	407	13
GOCC_DNA_REPLICATION_FACTOR_C_COMPLEX	0.0732177263969171	0.263756770288107	0.539166467447605	1.50729812960727	37	5
GOCC_RNA_POLYMERASE_II_CORE_COMPLEX	0.0241935483870968	0.137497495491885	0.38505354294828	1.71833799711484	11	14
GOCC_RNA_POLYMERASE_III_COMPLEX	0.0538922155688623	0.221791298024482	0.30664574913139	1.56128141234391	26	18
GOCC_TRANSCRIPTION_REGULATOR_COMPLEX	0.17704280155642	0.426300430063486	0.0543718163052266	1.27290164977016	90	420
GOCC_TRANSCRIPTION_FACTOR_TFIID_COMPLEX	0.0363636363636364	0.176982591876209	-0.24962327382133	-1.68078447374415	17	31
GOCC_TRANSCRIPTION_FACTOR_TFIIH_HOLO_COMPLEX	0.24896265560166	0.515386492931038	-0.281534045606761	-1.19214581464232	119	12
GOCC_CHROMATIN_SILENCING_COMPLEX	0.321576763485477	0.584975623437797	-0.261574443204167	-1.10762759442176	154	12
GOCC_ANAPHASE_PROMOTING_COMPLEX	0.0155038759689922	0.112142660170972	0.350430828147439	1.88606168311512	7	20
GOCC_SPLICEOSOMAL_COMPLEX	0.00804828973843058	0.0768471665231906	-0.130917669889982	-2.04639109608935	3	187
GOCC_U5_SNRNP	0.132673267326733	0.363461196419043	0.293404577717521	1.3639324029302	66	15
GOCC_U7_SNRNP	0.101626016260163	0.314147989452867	0.436245431463412	1.42294867627035	49	7
GOCC_U2_TYPE_SPLICEOSOMAL_COMPLEX	0.130705394190871	0.361315515663587	0.125463147097612	1.39389556066526	62	92
GOCC_U1_SNRNP	0.682634730538922	0.838073320351285	0.159265759058356	0.810898797537582	341	18
GOCC_U2_SNRNP	0.0755813953488372	0.265988372093023	0.274445508217648	1.47709937475757	38	20
GOCC_U4_SNRNP	0.00191204588910134	0.0305764411027569	0.56624681122449	2.20739301862543	0	10
GOCC_U6_SNRNP	0.220703125	0.483150921658986	0.339271480950104	1.19543446981064	112	8
GOCC_U12_TYPE_SPLICEOSOMAL_COMPLEX	0.400785854616896	0.650211093926347	0.167105718315106	1.02248707626913	203	27
GOCC_CHROMOSOME	0.00198412698412698	0.0305764411027569	0.0737498262890713	2.60514660545266	0	1018
GOCC_TELOMERASE_HOLOENZYME_COMPLEX	0.307392996108949	0.572520488786377	0.207801879229311	1.14408206270967	157	21
GOCC_PERICENTRIC_HETEROCHROMATIN	0.947261663286004	0.96790653892037	-0.0890875708469705	-0.562941075016842	466	27
GOCC_PERICHROMATIN_FIBRILS	0.424489795918367	0.670545283319185	-0.287123385939742	-0.992804913016861	207	8
GOCC_NUCLEOLUS	0.00202839756592292	0.0305764411027569	0.0925890140804237	2.91028068413805	0	817
GOCC_SNO_S_RNA_CONTAINING_RIBONUCLEOPROTEIN_COMPLEX	0.0290697674418605	0.154644402379665	0.303013376664829	1.71193821825268	14	22
GOCC_RNA_POLYMERASE_I_COMPLEX	0.00397614314115308	0.0489802473101012	0.497058877650537	2.15972995049786	1	13
GOCC_MITOCHONDRION	0.00202020202020202	0.0305764411027569	0.14632100402383	6.36893839547932	0	1584
GOCC_MITOCHONDRIAL_ENVELOPE	0.00192307692307692	0.0305764411027569	0.187750492550477	5.51397655181283	0	667
GOCC_TIM23_MITOCHONDRIAL_IMPORT_INNER_MEMBRANE_TRANSLOCASE_COMPLEX	0.527831094049904	0.740744556833838	0.227450298246758	0.913758378006422	274	11
GOCC_MITOCHONDRIAL_RESPIRATORY_CHAIN_COMPLEX_III	0.325	0.587697628458498	0.260976452453091	1.10046142624306	168	12
GOCC_MITOCHONDRIAL_RESPIRATORY_CHAIN_COMPLEX_IV	0.00784313725490196	0.0768471665231906	0.384409967879411	2.01370815635065	3	19
GOCC_MITOCHONDRIAL_PERMEABILITY_TRANSITION_PORE_COMPLEX	0.0240963855421687	0.137497495491885	0.56471150781001	1.71618135157477	11	6
GOCC_MITOCHONDRIAL_MATRIX	0.00198412698412698	0.0305764411027569	0.223915078977365	4.33775909664938	0	272
GOCC_MITOCHONDRIAL_LARGE_RIBOSOMAL_SUBUNIT	0.001953125	0.0305764411027569	0.302237405624972	2.68163159660993	0	58
GOCC_MITOCHONDRIAL_SMALL_RIBOSOMAL_SUBUNIT	0.00196463654223969	0.0305764411027569	0.390807179364319	2.63259628467752	0	32
GOCC_SECONDARY_LYSOSOME	0.871227364185111	0.936124235432004	-0.141170215594013	-0.678118625159453	432	15
GOCC_ENDOSOME	0.0102040816326531	0.0851574715211079	-0.0638294899062876	-1.93919937933296	4	726
GOCC_EARLY_ENDOSOME	0.198818897637795	0.461724089691834	0.064123966974425	1.24585243191383	100	271
GOCC_LATE_ENDOSOME	0.148073022312373	0.383815341121307	-0.0842508606815105	-1.28782860097304	72	182
GOCC_MULTIVESICULAR_BODY	0.852652259332024	0.928087534610465	0.103637597827823	0.698134449418817	433	32
GOCC_VACUOLE	0.00416666666666667	0.0489802473101012	-0.076739385386301	-1.89774141897806	1	472
GOCC_VACUOLAR_MEMBRANE	0.118236472945892	0.346639053403882	-0.0842081131688298	-1.35422862430076	58	202
GOCC_VACUOLAR_LUMEN	0.874031007751938	0.936124235432004	0.124956119355353	0.672529155133961	450	20
GOCC_AUTOPHAGOSOME	0.0607210626185958	0.238453958351996	-0.142007853689826	-1.5323186881342	31	82
GOCC_ENDOPLASMIC_RETICULUM	0.00197628458498024	0.0305764411027569	0.069572160843273	2.73149013345849	0	1271
GOCC_SIGNAL_PEPTIDASE_COMPLEX	0.0496031746031746	0.211570100938236	-0.515673148443311	-1.58764554149697	24	6
GOCC_ENDOPLASMIC_RETICULUM_LUMEN	0.415354330708661	0.662106642157535	0.116727247788218	1.01145912000245	210	56
GOCC_SMOOTH_ENDOPLASMIC_RETICULUM	0.572008113590264	0.776142927585235	-0.141389413681263	-0.893434491220478	281	27
GOCC_ROUGH_ENDOPLASMIC_RETICULUM	0.705653021442495	0.851810705303276	0.0980858447263823	0.819809955268792	361	52
GOCC_ENDOPLASMIC_RETICULUM_GOLGI_INTERMEDIATE_COMPARTMENT	0.42970297029703	0.670545283319185	0.108554349607908	1.00218536567562	216	63
GOCC_GOLGI_APPARATUS	0.207739307535642	0.471666169714918	-0.0331106151571324	-1.23697575385569	101	1140
GOCC_GOLGI_STACK	0.418145956607495	0.664242274819198	-0.104194662487462	-1.03808615970044	211	71
GOCC_GOLGI_LUMEN	0.0099403578528827	0.0851574715211079	0.432887820257248	1.88090552780072	4	13
GOCC_GOLGI_MEDIAL_CISTERNA	0.315369261477046	0.579443522593368	-0.21801212507977	-1.1450890219775	157	18
GOCC_GOLGI_ASSOCIATED_VESICLE	0.0997920997920998	0.309574156608868	0.144453971233606	1.49516711148027	47	79
GOCC_CIS_GOLGI_NETWORK	0.204040404040404	0.46791220475431	-0.139206772905469	-1.24097658535438	100	55
GOCC_TRANS_GOLGI_NETWORK	0.125506072874494	0.35443844654371	-0.0844944857897859	-1.32887644120087	61	192
GOCC_LIPID_DROPLET	0.266533066132265	0.530169033719613	0.119310118503413	1.18779072959126	132	73
GOCC_CENTROSOME	0.0851485148514852	0.280255003917658	0.0552628025691702	1.46102926681696	42	551
GOCC_CENTRIOLE	0.382470119521912	0.632467337115352	-0.0833619640455161	-1.03822160483368	191	113
GOCC_MICROTUBULE_ORGANIZING_CENTER	0.127376425855513	0.355541606886657	0.04751704783526	1.36878646562537	66	636
GOCC_ASTER	0.783783783783784	0.894217159803195	-0.185811716785168	-0.752305378605402	376	11
GOCC_SPINDLE	0.00580270793036751	0.0648752127056154	0.0953740113115206	2.02472699786429	2	321
GOCC_ACTOMYOSIN_CONTRACTILE_RING	0.628131021194605	0.809459179086414	0.311817674715117	0.871720009038315	325	5
GOCC_POLAR_MICROTUBULE	0.429672447013488	0.670545283319185	0.363471192923739	1.01612300159099	222	5
GOCC_KINETOCHORE_MICROTUBULE	0.781312127236581	0.892510107891974	0.145794331132788	0.724884734484436	392	17
GOCC_CHAPERONIN_CONTAINING_T_COMPLEX	0.025390625	0.139954348644578	0.508747808066316	1.79259000638643	12	8
GOCC_PROTEASOME_CORE_COMPLEX	0.894211576846307	0.94503050155038	0.127047436715592	0.646859778724677	447	18
GOCC_RIBOSOME	0.00196078431372549	0.0305764411027569	0.314113608150599	5.29864181408324	0	211
GOCC_POLYSOME	0.00801603206412826	0.0768471665231906	0.200427179281805	1.94056137253838	3	69
GOCC_MRNA_CLEAVAGE_AND_POLYADENYLATION_SPECIFICITY_FACTOR_COMPLEX	0.272365805168986	0.535945616622844	0.233154568360007	1.15923702976863	136	17
GOCC_MRNA_CLEAVAGE_FACTOR_COMPLEX	0.260700389105058	0.527606728373546	0.216498919044199	1.19196482145944	133	21
GOCC_EUKARYOTIC_TRANSLATION_INITIATION_FACTOR_2_COMPLEX	0.261044176706827	0.527606728373546	0.384682817978961	1.16906680553929	129	6
GOCC_EUKARYOTIC_TRANSLATION_INITIATION_FACTOR_2B_COMPLEX	0.0803212851405622	0.271195483039168	0.48007650621613	1.45897212276128	39	6
GOCC_EUKARYOTIC_TRANSLATION_INITIATION_FACTOR_3_COMPLEX	0.186138613861386	0.438947319021572	0.27381768881091	1.27287999788544	93	15
GOCC_AXONEMAL_DYNEIN_COMPLEX	0.0104384133611691	0.0852781091559797	-0.475334821428571	-1.82836650638464	4	10
GOCC_CYTOPLASMIC_DYNEIN_COMPLEX	0.294238683127572	0.557408685428009	-0.208855911919579	-1.13320113592071	142	20
GOCC_DYNACTIN_COMPLEX	0.068359375	0.253234121963563	0.421708114139965	1.48590271846603	34	8
GOCC_KINESIN_COMPLEX	0.0994152046783626	0.309574156608868	0.19142823171219	1.44120362768347	50	41
GOCC_MICROTUBULE	0.0554493307839388	0.224496184368602	0.0732395278354024	1.60492856498499	28	357
GOCC_MICROTUBULE_ASSOCIATED_COMPLEX	0.0788381742738589	0.271191464137522	0.127760118426035	1.5189811180358	37	105
GOCC_SPINDLE_MICROTUBULE	0.292682926829268	0.556345261082125	0.112909688276304	1.14487057128631	143	75
GOCC_AXONEMAL_MICROTUBULE	0.020703933747412	0.12994759490435	-0.604048131325205	-1.71346340497103	9	5
GOCC_CYTOPLASMIC_MICROTUBULE	0.326086956521739	0.588288989077978	0.114985256308352	1.09410543126133	164	67
GOCC_INTERMEDIATE_FILAMENT	0.117296222664016	0.34509981909188	0.17408443698315	1.35839597751754	58	45
GOCC_ACTIN_FILAMENT	0.0331262939958592	0.168157958213207	0.150216739859454	1.71987287445998	15	99
GOCC_ARP2_3_PROTEIN_COMPLEX	0.632887189292543	0.809459179086414	0.228864974978965	0.85482774484021	330	9
GOCC_SODIUM_POTASSIUM_EXCHANGING_ATPASE_COMPLEX	0.0481695568400771	0.210405288876114	0.564140568969639	1.57711592946227	24	5
GOCC_VOLTAGE_GATED_CALCIUM_CHANNEL_COMPLEX	0.0199203187250996	0.129270153428838	0.372098819588451	1.7973735547414	9	16
GOCC_CAVEOLA	0.122489959839357	0.350244728915663	0.136763686763687	1.37848910006284	60	74
GOCC_MICROVILLUS	0.717948717948718	0.858722976370035	0.0842311649486538	0.795046921707831	363	66
GOCC_BRUSH_BORDER	0.175257731958763	0.42536027783095	0.126816198948923	1.29487721051864	84	77
GOCC_CLATHRIN_COATED_PIT	0.971544715447154	0.983366609108569	-0.0610879889013393	-0.562699889891792	477	60
GOCC_CELL_CELL_JUNCTION	0.310546875	0.575203219888664	0.0508153613500419	1.09382673951835	158	340
GOCC_ADHERENS_JUNCTION	0.176348547717842	0.426300430063486	0.106708131079567	1.26868727305218	84	105
GOCC_ZONULA_ADHERENS	0.639691714836224	0.811814034778287	0.307673918240497	0.860135689981328	331	5
GOCC_FASCIA_ADHERENS	0.0998080614203455	0.309574156608868	0.362781123843071	1.45743616890999	51	11
GOCC_GAP_JUNCTION	0.326612903225806	0.588288989077978	0.240385053542948	1.07274112654202	161	14
GOCC_CONNEXIN_COMPLEX	0.159922928709056	0.39980732177264	0.469870109172046	1.3135726709158	82	5
GOCC_CILIUM	0.131147540983607	0.36144578313253	-0.0568732098574448	-1.32377913211938	63	422
GOCC_CELL_CORTEX	0.0590551181102362	0.23544809228039	0.089981667620292	1.57722339418865	29	228
GOCC_PHOSPHATIDYLINOSITOL_3_KINASE_COMPLEX	0.028169014084507	0.151615575807788	-0.291113416872855	-1.77707156880473	13	25
GOCC_PHOSPHATIDYLINOSITOL_3_KINASE_COMPLEX_CLASS_IA	0.466269841269841	0.697119125427949	-0.314419296567846	-0.968028674487848	234	6
GOCC_MITOCHONDRIAL_ALPHA_KETOGLUTARATE_DEHYDROGENASE_COMPLEX	0.072289156626506	0.263756770288107	0.488497502922112	1.48456387591064	35	6
GOCC_CAMP_DEPENDENT_PROTEIN_KINASE_COMPLEX	0.431640625	0.670545283319185	0.288936712896541	1.01807822226326	220	8
GOCC_CALCINEURIN_COMPLEX	0.382936507936508	0.632467337115352	-0.334289661034959	-1.02920520781979	192	6
GOCC_TRANSCRIPTION_ELONGATION_FACTOR_COMPLEX	0.451612903225806	0.688709677419355	-0.118942907404446	-0.992682634449332	223	48
GOCC_CYCLIN_CDK_POSITIVE_TRANSCRIPTION_ELONGATION_FACTOR_COMPLEX	0.231732776617954	0.495147584973166	-0.330658518223285	-1.20268863156598	110	9
GOCC_VOLTAGE_GATED_POTASSIUM_CHANNEL_COMPLEX	0.150205761316872	0.387150060858981	-0.230994109624815	-1.29613582731321	72	22
GOCC_COP9_SIGNALOSOME	0.164383561643836	0.408725431804646	0.204327895932273	1.30239079620674	83	29
GOCC_OLIGOSACCHARYLTRANSFERASE_COMPLEX	0.0907258064516129	0.292303214447978	0.338061061745272	1.50862958770364	44	14
GOCC_COHESIN_COMPLEX	0.174509803921569	0.424671464330413	-0.381616550342142	-1.2690094384148	88	7
GOCC_F_ACTIN_CAPPING_PROTEIN_COMPLEX	0.885542168674699	0.941758023852015	0.223488470938264	0.679190596989299	440	6
GOCC_CASPASE_COMPLEX	0.842741935483871	0.925700925531503	0.156744133059923	0.699485576991217	417	14
GOCC_INTEGRIN_COMPLEX	0.445525291828794	0.68286979451714	0.180411333128161	0.99327961280705	228	21
GOCC_IKAPPAB_KINASE_COMPLEX	0.0773809523809524	0.268195346320346	-0.466661353734991	-1.43674887839879	38	6
GOCC_PROTEASOME_REGULATORY_PARTICLE_BASE_SUBCOMPLEX	0.232692307692308	0.495147584973166	0.285906022431297	1.20558213685113	120	12
GOCC_PROTEASOME_REGULATORY_PARTICLE_LID_SUBCOMPLEX	0.233269598470363	0.495224321578613	0.321190381294008	1.1996700208547	121	9
GOCC_NUCLEOID	0.0515873015873016	0.216524683267803	0.196312620792258	1.54406665710393	25	46
GOCC_EXTERNAL_SIDE_OF_PLASMA_MEMBRANE	0.00201612903225806	0.0305764411027569	-0.14980426906789	-2.36711015099682	0	193
GOCC_CELL_SURFACE	0.00191938579654511	0.0305764411027569	0.0958153629254581	2.32241777052686	0	452
GOCC_ENDOSOME_MEMBRANE	0.0602409638554217	0.237588284171167	-0.092070239393776	-1.55116831477671	29	221
GOCC_CHROMOCENTER	0.568316831683168	0.775401069518716	0.194247281814073	0.902985781300258	286	15
GOCC_CYTOPLASMIC_STRESS_GRANULE	0.0101010101010101	0.0851574715211079	-0.198379535262943	-1.90235434000861	4	66
GOCC_VESICLE_MEMBRANE	0.0285714285714286	0.152882205513784	-0.0692340456781964	-1.67498950700967	13	450
GOCC_ER_TO_GOLGI_TRANSPORT_VESICLE_MEMBRANE	0.063953488372093	0.246737995824635	0.284027445348652	1.52867053522979	32	20
GOCC_TRANS_GOLGI_NETWORK_TRANSPORT_VESICLE_MEMBRANE	0.643426294820717	0.811918440003237	0.17310376455575	0.836154570398277	322	16
GOCC_INTERCALATED_DISC	0.182902584493042	0.435492768829708	0.161782183494551	1.2624004253423	91	45
GOCC_CAJAL_BODY	0.224532224532225	0.485690272924315	-0.168157852692123	-1.21598682493733	107	36
GOCC_ACTIN_CYTOSKELETON	0.0019047619047619	0.0305764411027569	0.115813099330883	2.56982484394023	0	366
GOCC_MICROTUBULE_CYTOSKELETON	0.0099009900990099	0.0851574715211079	0.0527337994453483	1.87555479843943	4	1032
GOCC_LARGE_RIBOSOMAL_SUBUNIT	0.002	0.0305764411027569	0.381814588034953	4.72174992916891	0	111
GOCC_SMALL_RIBOSOMAL_SUBUNIT	0.00209205020920502	0.0305764411027569	0.346289491207734	3.55962376642724	0	78
GOCC_DYSTROPHIN_ASSOCIATED_GLYCOPROTEIN_COMPLEX	0.355640535372849	0.608465132997843	0.270121173469388	1.05301006677607	185	10
GOCC_INCLUSION_BODY	0.275247524752475	0.536996770039477	0.125801052948599	1.1614087754848	138	63
GOCC_AGGRESOME	0.359528487229862	0.610331290937522	0.170999529904296	1.04631254476606	182	27
GOCC_PREFOLDIN_COMPLEX	0.664705882352941	0.825245430601006	-0.252137676621617	-0.838446579756417	338	7
GOCC_EUKARYOTIC_TRANSLATION_INITIATION_FACTOR_4F_COMPLEX	0.210855949895616	0.475204911710563	-0.334644169877331	-1.21718545432881	100	9
GOCC_BASOLATERAL_PLASMA_MEMBRANE	0.0968379446640316	0.30659764487055	0.100502506938849	1.41185155689855	48	144
GOCC_APICAL_PLASMA_MEMBRANE	0.0502008032128514	0.212656180276662	-0.0941401197934343	-1.54831942396974	24	212
GOCC_APICOLATERAL_PLASMA_MEMBRANE	0.408366533864542	0.659586078661223	0.212234806189185	1.02517183059601	204	16
GOCC_LATERAL_PLASMA_MEMBRANE	0.147117296222664	0.383815341121307	0.159562297529968	1.28806003408038	73	49
GOCC_CATENIN_COMPLEX	0.445544554455446	0.68286979451714	0.214110641465295	0.995323399445537	224	15
GOCC_NUCLEAR_MATRIX	0.271604938271605	0.535740980665736	0.101074148349128	1.15347161815572	131	98
GOCC_MYOSIN_COMPLEX	0.901030927835052	0.945624977336186	-0.098783102575215	-0.62854961098413	436	28
GOCC_MYOSIN_II_COMPLEX	0.550863723608445	0.75909684804477	0.223108869126568	0.896317129251535	286	11
GOCC_UNCONVENTIONAL_MYOSIN_COMPLEX	0.252408477842004	0.520166119877103	0.424272850426329	1.18610060621564	130	5
GOCC_PROTON_TRANSPORTING_TWO_SECTOR_ATPASE_COMPLEX	0.0330097087378641	0.168157958213207	0.219287956830547	1.67488730291164	16	43
GOCC_VACUOLAR_PROTON_TRANSPORTING_V_TYPE_ATPASE_COMPLEX	0.644308943089431	0.811918440003237	-0.159775785694791	-0.861341122704493	316	19
GOCC_SWI_SNF_COMPLEX	0.358415841584158	0.610331290937522	0.184583665868582	1.07701760399737	180	24
GOCC_SARCOPLASM	0.019723865877712	0.128909551986475	0.193116300739619	1.82279944161085	9	66
GOCC_SARCOPLASMIC_RETICULUM	0.052734375	0.219343536787756	0.189768969425842	1.60303405805265	26	53
GOCC_NURD_COMPLEX	0.848906560636183	0.927787051471298	0.135162272614238	0.672022480812703	426	17
GOCC_RSC_TYPE_COMPLEX	0.262425447316103	0.52773469075656	0.267841479945778	1.16377614852956	131	13
GOCC_NURF_COMPLEX	0.314699792960663	0.579376882412487	-0.388636544744601	-1.10241959658633	151	5
GOCC_RNA_POLYMERASE_II_HOLOENZYME	0.0277777777777778	0.150394477317554	-0.174183558558559	-1.76684578179079	13	74
GOCC_MEDIATOR_COMPLEX	0.454720616570328	0.692295115077953	0.13749137945535	1.00449362846116	235	38
GOCC_CDC73_PAF1_COMPLEX	0.179591836734694	0.429386597706543	-0.368723098995696	-1.27495746481116	87	8
GOCC_FLOTILLIN_COMPLEX	0.321503131524008	0.584975623437797	-0.304592356405828	-1.10787941069708	153	9
GOCC_CCAAT_BINDING_FACTOR_COMPLEX	0.581349206349206	0.7796855694261	-0.292423759430454	-0.900309196414518	292	6
GOCC_NUCLEAR_BODY	0.00206185567010309	0.0305764411027569	-0.0831611354857583	-2.41113021623683	0	655
GOCC_PML_BODY	0.143141153081511	0.376362514567766	-0.134607906299153	-1.3224946720285	71	69
GOCC_NUCLEAR_SPECK	0.00814663951120163	0.0768471665231906	-0.103900541929141	-2.0577986186134	3	309
GOCC_TRANSCRIPTION_REPRESSOR_COMPLEX	0.429435483870968	0.670545283319185	-0.106344628264141	-1.02933772903656	212	67
GOCC_AMINOACYL_TRNA_SYNTHETASE_MULTIENZYME_COMPLEX	0.00576923076923077	0.0648752127056154	0.503175995322383	2.12174611256649	2	12
GOCC_GOLGI_TRANSPORT_COMPLEX	0.284615384615385	0.547107304460246	0.272564184340616	1.14932350494788	147	12
GOCC_HOST_CELLULAR_COMPONENT	0.00196078431372549	0.0305764411027569	-0.729702034635485	-2.42651627229664	0	7
GOCC_SCF_UBIQUITIN_LIGASE_COMPLEX	0.457142857142857	0.693846869034549	-0.108241533842554	-0.97886424541867	223	58
GOCC_PROTEASOME_CORE_COMPLEX_ALPHA_SUBUNIT_COMPLEX	0.344897959183673	0.605722903364801	-0.304539295392954	-1.05302501808846	168	8
GOCC_PROTEASOME_CORE_COMPLEX_BETA_SUBUNIT_COMPLEX	0.510516252390057	0.72987870458891	0.238887117346939	0.931250727806978	266	10
GOCC_ORGANELLE_INNER_MEMBRANE	0.00189035916824197	0.0305764411027569	0.222942390823319	5.7618999385891	0	507
GOCC_OUTER_MEMBRANE	0.0482897384305835	0.210405288876114	0.10997836118882	1.61191142525473	23	162
GOCC_EXTRINSIC_COMPONENT_OF_PLASMA_MEMBRANE	0.331288343558282	0.592048504601227	0.0862027138269976	1.08473096658205	161	118
GOCC_EXTRINSIC_COMPONENT_OF_MEMBRANE	0.457256461232604	0.693846869034549	0.05537577598732	0.961574188076672	229	226
GOCC_NUCLEAR_CYCLIN_DEPENDENT_PROTEIN_KINASE_HOLOENZYME_COMPLEX	0.0220440881763527	0.134042723204773	-0.380242036888237	-1.69687502421888	10	13
GOCC_PROTEASOME_ACCESSORY_COMPLEX	0.0376237623762376	0.180239489917578	0.273340250618565	1.61677239146745	18	25
GOCC_CYTOSOLIC_LARGE_RIBOSOMAL_SUBUNIT	0.001953125	0.0305764411027569	0.534788915000008	4.51751857644483	0	53
GOCC_CYTOSOLIC_RIBOSOME	0.00205761316872428	0.0305764411027569	0.483964780517217	5.52307041544702	0	98
GOCC_CYTOSOLIC_SMALL_RIBOSOMAL_SUBUNIT	0.00196463654223969	0.0305764411027569	0.458124409563258	3.53355485730439	0	44
GOCC_TRAPP_COMPLEX	0.99009900990099	0.993355914538822	0.106287051067337	0.494090290241507	499	15
GOCC_CCR4_NOT_COMPLEX	0.148	0.383815341121307	-0.270078959961716	-1.32042715780606	73	16
GOCC_CCR4_NOT_CORE_COMPLEX	0.525793650793651	0.740744556833838	-0.303209010732122	-0.933514640977045	264	6
GOCC_SARCOMERE	0.00202429149797571	0.0305764411027569	0.199072918919219	2.49439685917743	0	116
GOCC_LAMELLIPODIUM	0.2426614481409	0.509255103323219	0.0814639483184212	1.17101682233832	123	151
GOCC_CELL_SUBSTRATE_JUNCTION	0.00596421471172962	0.0649673388241977	0.140150145308939	1.99121912248752	2	148
GOCC_HEMIDESMOSOME	0.213725490196078	0.478138932834748	-0.369376857302258	-1.22830814813537	108	7
GOCC_DESMOSOME	0.95850622406639	0.975565289233311	-0.142188911922607	-0.60209384577895	461	12
GOCC_MITOCHONDRIAL_CRISTA	0.258064516129032	0.527606728373546	0.2607997265892	1.16384354343048	127	14
GOCC_MITOCHONDRIAL_TRICARBOXYLIC_ACID_CYCLE_ENZYME_COMPLEX	0.126679462571977	0.355541606886657	0.345270451465142	1.38708882835606	65	11
GOCC_MEMBRANE_COAT	0.0395010395010395	0.187162493863525	0.154929473580367	1.68246544700579	18	87
GOCC_CLATHRIN_COAT	0.165692007797271	0.409751857120278	0.172189703196481	1.29636272913817	84	41
GOCC_AP_TYPE_MEMBRANE_COAT_ADAPTOR_COMPLEX	0.442495126705653	0.68286979451714	0.136762825635289	1.01462674480041	226	40
GOCC_VESICLE_COAT	0.0331384015594542	0.168157958213207	0.198284444444444	1.69042607098925	16	54
GOCC_AP_1_ADAPTOR_COMPLEX	0.346080305927342	0.606300539083558	0.291147424826181	1.08745733855988	180	9
GOCC_AP_2_ADAPTOR_COMPLEX	0.216061185468451	0.480469091863823	0.328293698241885	1.22620143925105	112	9
GOCC_AP_3_ADAPTOR_COMPLEX	0.358921161825726	0.610331290937522	-0.252750757454951	-1.07026401371174	172	12
GOCC_AP_4_ADAPTOR_COMPLEX	0.469979296066253	0.699006875477464	-0.342497410152203	-0.971539763405384	226	5
GOCC_CLATHRIN_VESICLE_COAT	0.292730844793713	0.556345261082125	0.183766028341745	1.12442824178181	148	27
GOCC_COPI_VESICLE_COAT	0.296153846153846	0.557666663939724	0.270916387604316	1.14237522770086	153	12
GOCC_COPII_VESICLE_COAT	0.0423387096774194	0.195656158357771	0.361585782638414	1.61361088841495	20	14
GOCC_CLATHRIN_COAT_OF_TRANS_GOLGI_NETWORK_VESICLE	0.584493041749503	0.7796855694261	0.202560217870002	0.880127866101181	293	13
GOCC_CLATHRIN_ADAPTOR_COMPLEX	0.467196819085487	0.697365561930213	0.170478083917103	0.96779348543358	234	23
GOCC_CLATHRIN_COAT_OF_COATED_PIT	0.360557768924303	0.610945108455069	0.220689105120434	1.06600919025147	180	16
GOCC_TRANSPORT_VESICLE	0.12720156555773	0.355541606886657	0.0765759372927476	1.37646538614236	64	238
GOCC_COPII_COATED_ER_TO_GOLGI_TRANSPORT_VESICLE	0.10337972166998	0.316992897973324	0.174808443969351	1.41113391936721	51	49
GOCC_COATED_VESICLE	0.0101419878296146	0.0851574715211079	0.141151107625353	2.1153672169867	4	168
GOCC_CLATHRIN_COATED_VESICLE	0.176954732510288	0.426300430063486	0.115273958168927	1.28092687229589	85	91
GOCC_COPI_COATED_VESICLE	0.00386847195357834	0.0489802473101012	0.318987933669396	2.01004908806751	1	28
GOCC_ENDOCYTIC_VESICLE	0.0797546012269939	0.271195483039168	-0.100300832036467	-1.4531862103088	38	158
GOCC_TRANS_GOLGI_NETWORK_TRANSPORT_VESICLE	0.659229208924949	0.822801609958776	-0.133034127765508	-0.840637747625708	324	27
GOCC_SECRETORY_GRANULE	0.296812749003984	0.557666663939724	0.0671336319071111	1.11520636948979	148	203
GOCC_FILOPODIUM	0.44689378757515	0.683792333831543	0.0997022323246403	0.992584608583508	222	73
GOCC_INTEGRAL_COMPONENT_OF_SYNAPTIC_VESICLE_MEMBRANE	0.820987654320988	0.916102077687444	-0.132383915749162	-0.718282773639406	398	20
GOCC_DYNEIN_COMPLEX	0.0363636363636364	0.176982591876209	-0.251078660426106	-1.69058400553922	17	31
GOCC_PROTEIN_PHOSPHATASE_4_COMPLEX	0.349896480331263	0.606300539083558	-0.379823093473584	-1.07741906195799	168	5
GOCC_EXTERNAL_ENCAPSULATING_STRUCTURE	0.00196078431372549	0.0305764411027569	0.296676804204304	5.59731135293002	0	258
GOCC_T_TUBULE	0.00392927308447937	0.0489802473101012	0.27946370176586	2.15552871709331	1	44
GOCC_AXON	0.0396825396825397	0.187162493863525	0.0688891616637282	1.63708172305141	19	444
GOCC_SITE_OF_POLARIZED_GROWTH	0.746987951807229	0.870692962934541	0.0530177759404713	0.783070460269571	371	164
GOCC_MIDBODY	0.0216535433070866	0.132973101516673	0.126620300863746	1.8056969056496	10	149
GOCC_SMALL_NUCLEAR_RIBONUCLEOPROTEIN_COMPLEX	0.0318725099601594	0.166647694934548	0.179816353082466	1.66568966575661	15	64
GOCC_TRANSPORT_VESICLE_MEMBRANE	0.481335952848723	0.706938036687932	-0.0847081585495161	-0.969829883573203	244	95
GOCC_GOLGI_ASSOCIATED_VESICLE_MEMBRANE	0.216374269005848	0.480469091863823	0.161338549372068	1.21466776640243	110	41
GOCC_COATED_VESICLE_MEMBRANE	0.0142276422764228	0.107808318324889	0.187440232924647	1.90058807022245	6	75
GOCC_COPI_COATED_VESICLE_MEMBRANE	0.095427435387674	0.304521466267294	0.295567473220444	1.4695519893191	47	17
GOCC_CLATHRIN_COATED_VESICLE_MEMBRANE	0.243761996161228	0.510394110955432	0.165326374465214	1.17557092083771	126	36
GOCC_ENDOCYTIC_VESICLE_MEMBRANE	0.561616161616162	0.770432965335514	-0.134361806534042	-0.904696244182241	277	31
GOCC_SECRETORY_GRANULE_MEMBRANE	0.807692307692308	0.911032529798289	-0.0811872756783943	-0.726226950604661	398	56
GOCC_CLATHRIN_COATED_ENDOCYTIC_VESICLE_MEMBRANE	0.344168260038241	0.605603765259597	0.272720025510204	1.06314113990111	179	10
GOCC_PHAGOCYTIC_VESICLE_MEMBRANE	0.137724550898204	0.372834213230344	-0.256222080408424	-1.34578336574889	68	18
GOCC_SYNAPTIC_VESICLE_MEMBRANE	0.740365111561866	0.866283986034664	-0.0837799526590298	-0.76850205860625	364	59
GOCC_AXOLEMMA	0.183716075156576	0.435492768829708	-0.344218590850715	-1.25201004412129	87	9
GOCC_RIBONUCLEASE_P_COMPLEX	0.355769230769231	0.608465132997843	0.251076383351937	1.05871572826704	184	12
GOCC_MULTIMERIC_RIBONUCLEASE_P_COMPLEX	0.330783938814532	0.592048504601227	0.294858509366281	1.10131851600137	172	9
GOCC_PRERIBOSOME	0.00205761316872428	0.0305764411027569	0.281702111505724	2.86611900204778	0	76
GOCC_90S_PRERIBOSOME	0.00386847195357834	0.0489802473101012	0.333597545676422	2.10210911351717	1	28
GOCC_PRERIBOSOME_LARGE_SUBUNIT_PRECURSOR	0.00968992248062015	0.0851574715211079	0.348293822360212	1.96775968190769	4	22
GOCC_PRERIBOSOME_SMALL_SUBUNIT_PRECURSOR	0.0337972166998012	0.169322709163347	0.392313212662467	1.70460811276137	16	13
GOCC_CORTICAL_CYTOSKELETON	0.320247933884298	0.584883951106052	0.0981386392811296	1.08872344475287	154	90
GOCC_CORTICAL_ACTIN_CYTOSKELETON	0.417647058823529	0.664242274819198	0.107857376029367	1.00992692855106	212	65
GOCC_ROUGH_ENDOPLASMIC_RETICULUM_MEMBRANE	0.810276679841897	0.911032529798289	-0.15622009569378	-0.724457010182998	409	14
GOCC_MRE11_COMPLEX	0.714285714285714	0.856581164575922	-0.283082317316121	-0.80300089705009	344	5
GOCC_BETA_CATENIN_DESTRUCTION_COMPLEX	0.632780082987552	0.809459179086414	-0.203396587466114	-0.861275551728281	304	12
GOCC_RNA_POLYMERASE_COMPLEX	0.0323886639676113	0.168157958213207	0.146356240056672	1.70625494488809	15	101
GOCC_VCB_COMPLEX	0.740079365079365	0.866283986034664	-0.257969397513548	-0.794231704794821	372	6
GOCC_REPLISOME	0.426356589147287	0.670545283319185	0.179047093984853	1.01156446105941	219	22
GOCC_HOPS_COMPLEX	0.374220374220374	0.622566622566623	-0.259963905981605	-1.05252913054642	179	11
GOCC_RETROMER_COMPLEX	0.14922480620155	0.385708185520957	0.248755385351843	1.33883198364971	76	20
GOCC_SMC5_SMC6_COMPLEX	0.636178861788618	0.810069205891717	0.26071115463002	0.850389633022014	312	7
GOCC_NADH_DEHYDROGENASE_COMPLEX	0.00397614314115308	0.0489802473101012	0.262227196418579	2.04618158282109	1	45
GOCC_CORTICAL_MICROTUBULE_CYTOSKELETON	0.291925465838509	0.556345261082125	-0.398039684437007	-1.12909286137969	140	5
GOCC_INTRACILIARY_TRANSPORT_PARTICLE	0.0221327967806841	0.134042723204773	-0.303618804373853	-1.85340940587053	10	25
GOCC_INTRACILIARY_TRANSPORT_PARTICLE_A	0.411764705882353	0.659586078661223	-0.306629928611279	-1.01965251024701	209	7
GOCC_INTRACILIARY_TRANSPORT_PARTICLE_B	0.00813008130081301	0.0768471665231906	-0.334725925303886	-1.804486224529	3	19
GOCC_ISWI_TYPE_COMPLEX	0.0850622406639004	0.280255003917658	-0.344947642587572	-1.46066841576916	40	12
GOCC_INO80_COMPLEX	0.221115537848606	0.483150921658986	0.256051603126495	1.23682300475373	110	16
GOCC_DENSE_CORE_GRANULE	0.0431372549019608	0.197685185185185	0.310780341359982	1.6280038514151	21	19
GOCC_NUCLEOCYTOPLASMIC_TRANSPORT_COMPLEX	0.409177820267686	0.659586078661223	0.260267857142857	1.01459900425289	213	10
GOCC_NUCLEAR_PORE_OUTER_RING	0.210325047801147	0.475178811698888	0.31937181122449	1.24500322556908	109	10
GOCC_BLOC_COMPLEX	0.5	0.720472440944882	0.177326643293515	0.928914798719399	254	19
GOCC_BLOC_1_COMPLEX	0.411290322580645	0.659586078661223	0.227181590339485	1.01381941829776	203	14
GOCC_PLATELET_ALPHA_GRANULE	0.473029045643154	0.700358538452242	-0.229721469196832	-0.972747318876701	227	12
GOCC_PSEUDOPODIUM	0.124282982791587	0.353164376566156	0.361764315132191	1.35121668877703	64	9
GOCC_SNARE_COMPLEX	0.0142566191446029	0.107808318324889	-0.239769712242745	-1.80205737354575	6	39
GOCC_SCAR_COMPLEX	0.334608030592734	0.596815493162479	0.276546556122449	1.07805805738584	174	10
GOCC_ENDOPLASMIC_RETICULUM_PALMITOYLTRANSFERASE_COMPLEX	0.398809523809524	0.648154021821873	-0.329933057060886	-1.01579217109996	200	6
GOCC_ANCHORED_COMPONENT_OF_MEMBRANE	0.0577319587628866	0.2316874660879	0.155548546988797	1.58825347467009	27	77
GOCC_INTRINSIC_COMPONENT_OF_PLASMA_MEMBRANE	0.0020746887966805	0.0305764411027569	-0.0969647537783727	-2.67447653637241	0	600
GOCC_INTRINSIC_COMPONENT_OF_ENDOPLASMIC_RETICULUM_MEMBRANE	0.0157790927021696	0.112142660170972	0.134301984152877	1.84897156762512	7	137
GOCC_INTRINSIC_COMPONENT_OF_GOLGI_MEMBRANE	0.530815109343936	0.741520343587331	0.117623154819705	0.949508042633042	266	49
GOCC_INTRINSIC_COMPONENT_OF_NUCLEAR_INNER_MEMBRANE	0.212237093690249	0.477142360507561	0.317426658163265	1.23742045918101	110	10
GOCC_INTRINSIC_COMPONENT_OF_PEROXISOMAL_MEMBRANE	0.836	0.923840579710145	-0.14726232253948	-0.719971559540545	417	16
GOCC_EXTRINSIC_COMPONENT_OF_EXTERNAL_SIDE_OF_PLASMA_MEMBRANE	0.323412698412698	0.585985384252711	-0.359738603761556	-1.10755697109787	162	6
GOCC_INTRINSIC_COMPONENT_OF_EXTERNAL_SIDE_OF_PLASMA_MEMBRANE	0.00197628458498024	0.0305764411027569	-0.51928685349738	-2.4081472978321	0	14
GOCC_EXTRINSIC_COMPONENT_OF_CYTOPLASMIC_SIDE_OF_PLASMA_MEMBRANE	0.941414141414141	0.966772098085229	0.0626384276982894	0.612899774076643	465	71
GOCC_PROTEIN_ACETYLTRANSFERASE_COMPLEX	0.0726915520628684	0.263756770288107	-0.131571667634302	-1.49760822886807	36	94
GOCC_CELL_LEADING_EDGE	0.302681992337165	0.566368145170768	0.0530686285939023	1.12337853349906	157	319
GOCC_CELL_PROJECTION_MEMBRANE	0.687250996015936	0.838073320351285	0.0508061975189056	0.827010758276037	344	197
GOCC_CELL_TRAILING_EDGE	0.119140625	0.347177298964968	0.384803921568627	1.35586955518109	60	8
GOCC_LEADING_EDGE_MEMBRANE	0.580392156862745	0.7796855694261	-0.0750730688935281	-0.890365993001819	295	100
GOCC_LAMELLIPODIUM_MEMBRANE	0.203125	0.46791220475431	0.350549976087996	1.2351746266245	103	8
GOCC_DNA_REPLICATION_PREINITIATION_COMPLEX	0.00192307692307692	0.0305764411027569	0.660248232605113	2.78407383079008	0	12
GOCC_DEATH_INDUCING_SIGNALING_COMPLEX	0.0372549019607843	0.179411764705882	-0.481993419030161	-1.60279788037157	18	7
GOCC_CD95_DEATH_INDUCING_SIGNALING_COMPLEX	0.22360248447205	0.485057044212663	-0.4247509761734	-1.20486301696216	107	5
GOCC_INTRINSIC_COMPONENT_OF_ORGANELLE_MEMBRANE	0.00196463654223969	0.0305764411027569	0.110486760950102	2.33302983708424	0	324
GOCC_INTRINSIC_COMPONENT_OF_ENDOSOME_MEMBRANE	0.979296066252588	0.986845705529866	-0.185480914813929	-0.526141450279751	472	5
GOCC_INTRINSIC_COMPONENT_OF_MITOCHONDRIAL_INNER_MEMBRANE	0.0099403578528827	0.0851574715211079	0.236605765856923	1.9099902392421	4	49
GOCC_INTRINSIC_COMPONENT_OF_MITOCHONDRIAL_OUTER_MEMBRANE	0.872093023255814	0.936124235432004	0.125418860698899	0.675019685781246	449	20
GOCC_INTRINSIC_COMPONENT_OF_VACUOLAR_MEMBRANE	0.722338204592902	0.860582064759824	-0.222000797130331	-0.807473027889568	345	9
GOCC_EXTRINSIC_COMPONENT_OF_ORGANELLE_MEMBRANE	0.724950884086444	0.860582064759824	0.105184942954727	0.811300944316174	368	44
GOCC_EXTRINSIC_COMPONENT_OF_ENDOSOME_MEMBRANE	0.646938775510204	0.812001343747375	-0.250996333492747	-0.867886090940411	316	8
GOCC_EXTRINSIC_COMPONENT_OF_MITOCHONDRIAL_INNER_MEMBRANE	0.431640625	0.670545283319185	0.288259206121473	1.01569100436278	220	8
GOCC_EXTRINSIC_COMPONENT_OF_MITOCHONDRIAL_OUTER_MEMBRANE	0.371868978805395	0.619781631342325	0.383249661327596	1.07141584755146	192	5
GOCC_RNAI_EFFECTOR_COMPLEX	0.30784708249497	0.572520488786377	-0.235537124172582	-1.13141508034005	152	15
GOCC_ANCHORED_COMPONENT_OF_EXTERNAL_SIDE_OF_PLASMA_MEMBRANE	0.00208768267223382	0.0305764411027569	-0.584518494897959	-2.24833946568836	0	10
GOCC_UBIQUITIN_CONJUGATING_ENZYME_COMPLEX	0.724609375	0.860582064759824	0.226366969552048	0.797611627924872	370	8
GOCC_CTF18_RFC_LIKE_COMPLEX	0.056640625	0.228309127202643	0.443567670970827	1.56292560190208	28	8
GOCC_N_TERMINAL_PROTEIN_ACETYLTRANSFERASE_COMPLEX	1	1	-0.116062176165803	-0.422147478853577	478	9
GOCC_BOX_C_D_RNP_COMPLEX	0.102409638554217	0.315504442010466	0.461109340133886	1.40133012986334	50	6
GOCC_BOX_H_ACA_SNORNP_COMPLEX	0.134874759152216	0.367292870905588	0.482269503546099	1.34823651794017	69	5
GOCC_M_BAND	0.0497131931166348	0.211570100938236	0.424826181302865	1.5867574605751	25	9
GOCC_CULLIN_RING_UBIQUITIN_LIGASE_COMPLEX	0.0792079207920792	0.271195483039168	-0.0959250890658251	-1.42098917427671	39	162
GOCC_CUL2_RING_UBIQUITIN_LIGASE_COMPLEX	0.0819672131147541	0.273936473540146	-0.258164160900936	-1.43125846304048	39	21
GOCC_CUL3_RING_UBIQUITIN_LIGASE_COMPLEX	0.120331950207469	0.347696798981851	-0.190845315236144	-1.39736573092869	57	37
GOCC_CUL4A_RING_E3_UBIQUITIN_LIGASE_COMPLEX	0.643286573146293	0.811918440003237	-0.190807995927205	-0.851503230310376	320	13
GOCC_CUL4B_RING_E3_UBIQUITIN_LIGASE_COMPLEX	0.421965317919075	0.669147774516384	0.366260259781656	1.02392013941781	218	5
GOCC_CUL5_RING_UBIQUITIN_LIGASE_COMPLEX	0.762004175365344	0.879235586960013	-0.211735529870245	-0.77013565548486	364	9
GOCC_TRAMP_COMPLEX	0.37888198757764	0.629177892256879	-0.371583393099052	-1.05404604857127	182	5
GOCC_MOTILE_CILIUM	0.201183431952663	0.464855657163349	-0.0973260789936837	-1.23266217977171	101	117
GOCC_PCG_PROTEIN_COMPLEX	0.0225872689938398	0.134272507153863	-0.212140757993431	-1.66722960162355	10	43
GOCC_BRUSH_BORDER_MEMBRANE	0.576923076923077	0.7785908781484	0.126290947014763	0.907159493908144	299	37
GOCC_FILOPODIUM_MEMBRANE	0.232604373757455	0.495147584973166	0.280808179939031	1.22011669809769	116	13
GOCC_MICROVILLUS_MEMBRANE	0.381709741550696	0.632467337115352	0.210027729684839	1.0442511302329	191	17
GOCC_NUCLEOTIDE_ACTIVATED_PROTEIN_KINASE_COMPLEX	0.361376673040153	0.611200842572532	0.268702168367347	1.04747837654215	188	10
GOCC_NEUROMUSCULAR_JUNCTION	0.805500982318271	0.909917776322491	0.0819365034149253	0.731823133053645	409	59
GOCC_CYTOSOLIC_PROTEASOME_COMPLEX	0.347389558232932	0.606300539083558	0.353761555626395	1.0750958255208	172	6
GOCC_SPINDLE_POLE_CENTROSOME	0.30938123752495	0.574206556461114	0.220050698432958	1.1203842421095	154	18
GOCC_NMS_COMPLEX	0.0363288718929254	0.176982591876209	0.428268494897959	1.66951383565529	18	10
GOCC_A_BAND	0.0232558139534884	0.136404293381038	0.326823041327589	1.75900167992003	11	20
GOCC_I_BAND	0.00413223140495868	0.0489802473101012	0.205930000518934	2.2054896493035	1	85
GOCC_EARLY_ENDOSOME_MEMBRANE	0.527450980392157	0.740744556833838	-0.0918193231295243	-0.941388993394589	268	75
GOCC_LATE_ENDOSOME_MEMBRANE	0.352	0.606553672316384	-0.113961168935148	-1.08504086939414	175	64
GOCC_MICROBODY_MEMBRANE	0.676413255360624	0.832998827261064	0.11073556671793	0.833693646125364	346	41
GOCC_MICROBODY_LUMEN	0.313953488372093	0.579376882412487	0.199307953457331	1.12603247579642	161	22
GOCC_TORC1_COMPLEX	0.064453125	0.246737995824635	0.433026462617567	1.52578329986227	32	8
GOCC_TORC2_COMPLEX	0.268714011516315	0.533347766892469	0.289100041312431	1.16142993378115	139	11
GOCC_FILAMENTOUS_ACTIN	0.121807465618861	0.350244728915663	0.231384653592684	1.41579725895078	61	27
GOCC_NUCLEAR_MEMBRANE	0.158203125	0.396591395547945	0.0789813845094209	1.32316961715703	80	206
GOCC_ORGANELLE_ENVELOPE_LUMEN	0.0527383367139959	0.219343536787756	0.150211518230857	1.62382872369197	25	86
GOCC_ENVELOPE	0.00200803212851406	0.0305764411027569	0.141279822552945	4.93582781040754	0	1003
GOCC_ORGANELLE_SUBCOMPARTMENT	0.134453781512605	0.367239433086668	-0.0465416617268571	-1.39222847909799	63	707
GOCC_GOLGI_CISTERNA	0.396793587174349	0.646025146378166	-0.122197651551624	-1.03150264132686	197	49
GOCC_EARLY_PHAGOSOME	0.507306889352818	0.727563955733274	-0.250478316326531	-0.963460162187725	242	10
GOCC_INTEGRATOR_COMPLEX	0.62124248496994	0.808879072517078	-0.169029085671119	-0.860715167277523	309	17
GOCC_SMALL_SUBUNIT_PROCESSOME	0.0173076923076923	0.118868904991484	0.257705736414692	1.85112401917336	8	37
GOCC_GUANYL_NUCLEOTIDE_EXCHANGE_FACTOR_COMPLEX	0.248496993987976	0.515386492931038	-0.235345729581615	-1.19840699723729	123	17
GOCC_BLEB	0.653179190751445	0.817590915920071	0.303960474938242	0.849754357903335	338	5
GOCC_DENSE_CORE_GRANULE_MEMBRANE	0.0040650406504065	0.0489802473101012	0.654191667900124	2.13384737289483	1	7
GOCC_CHROMOSOME_PASSENGER_COMPLEX	0.00192678227360308	0.0305764411027569	0.861024782851223	2.40708783482213	0	5
GOCC_CELL_DIVISION_SITE	0.274549098196393	0.536778685576281	-0.14223892130999	-1.15447158849872	136	45
GOCC_CLEAVAGE_FURROW	0.890020366598778	0.944743196563668	-0.0983495078807902	-0.63843407201224	436	29
GOCC_SEPTIN_CYTOSKELETON	0.762993762993763	0.8792686311578	-0.189102215650888	-0.765627789257461	366	11
GOCC_AMPA_GLUTAMATE_RECEPTOR_COMPLEX	0.011472275334608	0.092433579149409	0.48874362244898	1.90526328573684	5	10
GOCC_MISMATCH_REPAIR_COMPLEX	0.62156862745098	0.808879072517078	-0.259242391465234	-0.862072258951179	316	7
GOCC_PHOTORECEPTOR_CONNECTING_CILIUM	0.020746887966805	0.12994759490435	-0.247641585821661	-1.81322693277456	9	37
GOCC_STEREOCILIUM	0.989690721649485	0.993355914538822	-0.0740003649551789	-0.470858875583966	479	28
GOCC_STEREOCILIUM_BUNDLE	0.856275303643725	0.928656221398603	-0.0984334197336354	-0.68329204710028	422	33
GOCC_STEREOCILIUM_TIP	0.234375	0.496419270833333	0.334070620117966	1.1771090618099	119	8
GOCC_ACTIN_FILAMENT_BUNDLE	0.00210526315789474	0.0305764411027569	0.244931084654015	2.5646900474484	0	82
GOCC_FILOPODIUM_TIP	0.520874751491054	0.738915345138472	0.214202032717303	0.930711765382311	261	13
GOCC_CUTICULAR_PLATE	0.505175983436853	0.726760484413546	-0.330942704597976	-0.938763293955923	243	5
GOCC_CORTICAL_ENDOPLASMIC_RETICULUM	0.138671875	0.373190487132353	0.376335086880281	1.3260293314251	70	8
GOCC_GOLGI_CISTERNA_MEMBRANE	0.606719367588933	0.797626754804416	-0.191866028708134	-0.889761902246193	306	14
GOCC_GROWTH_CONE_MEMBRANE	0.479768786127168	0.706572651087424	0.35150211172205	0.982662141545619	248	5
GOCC_MULTIVESICULAR_BODY_MEMBRANE	0.995975855130785	0.997065544250184	-0.101794401467422	-0.48897481158869	494	15
GOCC_RUFFLE_MEMBRANE	0.573412698412698	0.776142927585235	-0.0948013180048134	-0.890413028344927	288	62
GOCC_TRANS_GOLGI_NETWORK_MEMBRANE	0.599214145383104	0.788893443202216	0.131179124740457	0.883662569814359	304	32
GOCC_NEURON_PROJECTION_MEMBRANE	0.0618556701030928	0.239821771798008	-0.245312606920463	-1.56090606216742	29	28
GOCC_DENDRITE_MEMBRANE	0.384769539078156	0.633036186839074	-0.209835357928766	-1.06850530773034	191	17
GOCC_DENDRITIC_SPINE_MEMBRANE	0.923694779116466	0.955757609747206	0.205344809265753	0.624051267648554	459	6
GOCC_INSULIN_RESPONSIVE_COMPARTMENT	0.62993762993763	0.809459179086414	-0.215187029346321	-0.871238705417731	302	11
GOCC_SUPER_ELONGATION_COMPLEX	0.913654618473896	0.952157147954003	0.210790564233344	0.640601139559027	454	6
GOCC_SMN_COMPLEX	0.336520076481836	0.597918627055608	0.293529958814933	1.09635628064046	175	9
GOCC_CARBOXY_TERMINAL_DOMAIN_PROTEIN_KINASE_COMPLEX	0.0512295081967213	0.216013824884793	-0.281736216388734	-1.56194160585331	24	21
GOCC_PLASMA_MEMBRANE_BOUNDED_CELL_PROJECTION_CYTOPLASM	0.048828125	0.2111564450024	-0.130576254346746	-1.62371395478787	24	110
GOCC_DENDRITE_CYTOPLASM	0.580246913580247	0.7796855694261	-0.161767692888025	-0.907698048207911	281	22
GOCC_MYOSIN_FILAMENT	0.411646586345382	0.659586078661223	0.332137923706301	1.00938072437385	204	6
GOCC_PROTEIN_DNA_COMPLEX	0.120315581854043	0.347696798981851	0.0973341821813631	1.34002588678455	60	137
GOCC_PROTEIN_LIPID_COMPLEX	0.529411764705882	0.741520343587331	0.172804568261499	0.905226184644605	269	19
GOCC_PARANODAL_JUNCTION	0.800813008130081	0.906861265394832	0.228125106741509	0.744100213434757	393	7
GOCC_SARCOPLASMIC_RETICULUM_MEMBRANE	0.366602687140115	0.615396014773608	0.261152544338385	1.04915371475137	190	11
GOCC_DNA_RECOMBINASE_MEDIATOR_COMPLEX	0.902439024390244	0.945855334842008	0.202643773696615	0.660985006923129	443	7
GOCC_WEIBEL_PALADE_BODY	0.413654618473896	0.660547950966168	0.331792583147381	1.00833122030148	205	6
GOCC_CIS_GOLGI_NETWORK_MEMBRANE	0.19438877755511	0.45489956895889	-0.280777511301393	-1.25300282469743	96	13
GOCC_ENDOPLASMIC_RETICULUM_GOLGI_INTERMEDIATE_COMPARTMENT_MEMBRANE	0.96875	0.981623754152824	0.158656145384983	0.559030262459316	495	8
GOCC_PROTON_TRANSPORTING_V_TYPE_ATPASE_COMPLEX	0.468937875751503	0.698824358815351	-0.167053533324312	-0.977063352664029	233	23
GOCC_PROTON_TRANSPORTING_TWO_SECTOR_ATPASE_COMPLEX_PROTON_TRANSPORTING_DOMAIN	0.00387596899224806	0.0489802473101012	0.446489548428275	2.40306149334452	1	20
GOCC_PROTON_TRANSPORTING_TWO_SECTOR_ATPASE_COMPLEX_CATALYTIC_DOMAIN	0.300403225806452	0.563256048387097	0.249601275917065	1.11386939398776	148	14
GOCC_PROTON_TRANSPORTING_V_TYPE_ATPASE_V0_DOMAIN	0.015625	0.112142660170972	0.544954567192731	1.9201657394797	7	8
GOCC_PROTON_TRANSPORTING_V_TYPE_ATPASE_V1_DOMAIN	0.587755102040816	0.780207787672429	-0.260939741750359	-0.902268050243306	287	8
GOCC_CORVET_COMPLEX	0.0873983739837398	0.283579830479156	0.446242129592731	1.45555598248894	42	7
GOCC_NODE_OF_RANVIER	0.873983739837398	0.936124235432004	0.211274180509854	0.6891357337041	429	7
GOCC_PARANODE_REGION_OF_AXON	0.565762004175365	0.773800050553751	-0.251592046410699	-0.915103883113149	270	9
GOCC_TRANSCRIPTION_FACTOR_TFTC_COMPLEX	0.81437125748503	0.911032529798289	-0.135671488335815	-0.712602254722508	407	18
GOCC_CHROMATOID_BODY	0.0647181628392484	0.246737995824635	-0.414366059961915	-1.50715412474708	30	9
GOCC_RDNA_HETEROCHROMATIN	0.946169772256729	0.96790653892037	-0.208271575424337	-0.5907902107111	456	5
GOCC_ELONGATOR_HOLOENZYME_COMPLEX	0.0240963855421687	0.137497495491885	0.567022633088939	1.72320495575141	11	6
GOCC_PHAGOPHORE_ASSEMBLY_SITE_MEMBRANE	0.464426877470356	0.697119125427949	-0.212941444520392	-0.987497297042266	234	14
GOCC_VCP_NPL4_UFD1_AAA_ATPASE_COMPLEX	0.524489795918367	0.740744556833838	-0.274968117328232	-0.950774862566428	256	8
GOCC_ATG12_ATG5_ATG16_COMPLEX	0.318840579710145	0.583478260869565	-0.387696230775361	-1.099752270107	153	5
GOCC_LOW_DENSITY_LIPOPROTEIN_PARTICLE	0.730923694779116	0.861836779175489	0.266709170120072	0.810540068200709	363	6
GOCC_HIGH_DENSITY_LIPOPROTEIN_PARTICLE	0.125260960334029	0.35443844654371	-0.371746158274656	-1.3521347666699	59	9
GOCC_TRIGLYCERIDE_RICH_PLASMA_LIPOPROTEIN_PARTICLE	0.514395393474088	0.731993444834822	0.230160973523805	0.924648239499456	267	11
GOCC_PWP2P_CONTAINING_SUBCOMPLEX_OF_90S_PRERIBOSOME	0.730250481695568	0.861836779175489	0.284086381384971	0.79419418150309	378	5
GOCC_NUCLEAR_PERIPHERY	0.0918367346938776	0.29484425349087	0.112501188186863	1.44239514020128	44	121
GOCC_CENTRIOLAR_SATELLITE	0.328793774319066	0.590034866719154	-0.100289150124703	-1.10870880189227	168	88
GOCC_BBSOME	0.116326530612245	0.34509981909188	-0.401781444285031	-1.38926542169193	56	8
GOCC_RNA_CAP_BINDING_COMPLEX	0.0208768267223382	0.12994759490435	-0.452646683673469	-1.74109700856203	9	10
GOCC_GID_COMPLEX	0.768115942028985	0.884057971014493	-0.268866045103195	-0.762674537396409	370	5
GOCC_ENDOPLASMIC_RETICULUM_CHAPERONE_COMPLEX	0.221294363256785	0.483150921658986	-0.309151785714286	-1.18914656555188	105	10
GOCC_ION_CHANNEL_COMPLEX	0.131578947368421	0.361545756282598	0.113253556143376	1.3203361887472	64	101
GOCC_CATION_CHANNEL_COMPLEX	0.0617283950617284	0.239821771798008	0.15596713373432	1.58685486346374	29	76
GOCC_CALCIUM_CHANNEL_COMPLEX	0.304431599229287	0.568479414887342	0.167859043968913	1.09789555945644	157	30
GOCC_POTASSIUM_CHANNEL_COMPLEX	0.186612576064909	0.438947319021572	-0.199030834139001	-1.25766850152608	91	27
GOCC_SODIUM_CHANNEL_COMPLEX	0.682352941176471	0.838073320351285	-0.248892734745927	-0.827656005124194	347	7
GOCC_CHLORIDE_CHANNEL_COMPLEX	0.538767395626243	0.748582314371788	0.183944934757823	0.914568311097345	270	17
GOCC_METHYLTRANSFERASE_COMPLEX	0.0667976424361493	0.2520366598778	-0.134167207404119	-1.52715183645109	33	94
GOCC_METHYLOSOME	0.00769230769230769	0.0768471665231906	0.48292404188593	2.03634954382092	3	12
GOCC_PICLN_SM_PROTEIN_COMPLEX	0.0863453815261044	0.281160228101016	0.473780682180427	1.43983885621112	42	6
GOCC_SMN_SM_PROTEIN_COMPLEX	0.0179282868525896	0.120620459339114	0.378778513319509	1.82963892145031	8	16
GOCC_ARYL_HYDROCARBON_RECEPTOR_COMPLEX	0.932926829268293	0.961254216168604	0.192555989479557	0.628080595408695	458	7
GOCC_MICROTUBULE_ORGANIZING_CENTER_ATTACHMENT_SITE	0.260162601626016	0.527606728373546	0.356351546755627	1.16235019365547	127	7
GOCC_PHOSPHATIDYLINOSITOL_3_KINASE_COMPLEX_CLASS_III	0.409803921568627	0.659586078661223	-0.307848205034783	-1.02370370844227	208	7
GOCC_BRAHMA_COMPLEX	0.684615384615385	0.838073320351285	0.19054643065965	0.803478608427068	355	12
GOCC_INTERCHROMATIN_GRANULE	0.188405797101449	0.442028985507246	-0.444035381305283	-1.25956581425023	90	5
GOCC_HISTONE_METHYLTRANSFERASE_COMPLEX	0.00203252032520325	0.0305764411027569	-0.224337724890211	-2.14181703399669	0	65
GOCC_ESC_E_Z_COMPLEX	0.110671936758893	0.335313980577442	-0.303121439963545	-1.40569912688319	55	14
GOCC_PRC1_COMPLEX	0.58953722334004	0.780646250877188	-0.191487891113061	-0.919822250818879	292	15
GOCC_EXON_EXON_JUNCTION_COMPLEX	0.0781893004115226	0.269974376892616	-0.267105473113132	-1.44924901938611	37	20
GOCC_CILIARY_ROOTLET	0.813121272365805	0.911032529798289	0.163911600718873	0.712198914904974	408	13
GOCC_MICROTUBULE_PLUS_END	0.184824902723735	0.436989111091002	0.234994851686785	1.2937967435188	94	21
GOCC_CD40_RECEPTOR_COMPLEX	0.0332640332640333	0.168157958213207	-0.412399527443775	-1.66970300903567	15	11
GOCC_SPERM_FIBROUS_SHEATH	0.904761904761905	0.946122448979592	-0.207629369886303	-0.639245701233273	455	6
GOCC_MYELIN_SHEATH_ABAXONAL_REGION	0.314453125	0.579376882412487	0.31316754344014	1.10345636835099	160	8
GOCC_RIBONUCLEOPROTEIN_GRANULE	0.00200803212851406	0.0305764411027569	-0.132267330758906	-2.17539639656298	0	212
GOCC_SEH1_ASSOCIATED_COMPLEX	0.894422310756972	0.94503050155038	0.135179055670761	0.652964339113647	448	16
GOCC_SITE_OF_DOUBLE_STRAND_BREAK	0.388446215139442	0.635828777911609	0.112237289831866	1.03968571590221	194	64
GOCC_CILIARY_TRANSITION_ZONE	0.054	0.221791298024482	-0.16800690552442	-1.59961819045726	26	64
GOCC_ENDOLYSOSOME	0.0752032520325203	0.265988372093023	0.456603172073005	1.4893517098909	36	7
GOCC_MKS_COMPLEX	0.0987903225806452	0.309574156608868	0.326737297789929	1.45809621583582	48	14
GOCC_FILTRATION_DIAPHRAGM	0.84971098265896	0.927787051471298	0.24073631365049	0.673004382137682	440	5
GOCC_CILIARY_BASAL_BODY	0.0404040404040404	0.18958818958819	-0.121173644091659	-1.6554386206771	19	137
GOCC_INNER_DYNEIN_ARM	0.020703933747412	0.12994759490435	-0.603649693202646	-1.71233318188657	9	5
GOCC_MYOFILAMENT	0.32887189292543	0.590034866719154	0.296505912049953	1.10747168784891	171	9
GOCC_RNA_N6_METHYLADENOSINE_METHYLTRANSFERASE_COMPLEX	0.0591836734693878	0.23544809228039	-0.44721425155428	-1.54636134796567	28	8
GOCC_MICROTUBULE_MINUS_END	0.631469979296066	0.809459179086414	-0.302350784923101	-0.857658485414776	304	5
GOCC_ESCRT_COMPLEX	0.322772277227723	0.585985384252711	0.186836938303137	1.10511643591177	162	25
GOCC_SOMATODENDRITIC_COMPARTMENT	0.0386100386100386	0.184000965250965	0.0572148838126257	1.6154844245435	19	617
GOCC_DERLIN_1_RETROTRANSLOCATION_COMPLEX	0.2265625	0.488926149764151	0.338155587438227	1.19150258150397	115	8
GOCC_TOR_COMPLEX	0.0766129032258065	0.267560329967988	0.343848257006152	1.53445549606264	37	14
GOCC_T_CELL_RECEPTOR_COMPLEX	0.0612244897959184	0.239403453689168	-0.446197991391679	-1.54284736014113	29	8
GOCC_NUCLEAR_OUTER_MEMBRANE_ENDOPLASMIC_RETICULUM_MEMBRANE_NETWORK	0.0955165692007797	0.304521466267294	0.0562650147940866	1.42574391663516	48	496
GOCC_PARASPECKLES	0.351020408163265	0.606300539083558	-0.301550294914714	-1.04268975978098	171	8
GOCC_SARCOLEMMA	0.00203665987780041	0.0305764411027569	0.230791091589742	2.8008433146921	0	108
GOCC_NUCLEAR_INCLUSION_BODY	0.00801603206412826	0.0768471665231906	-0.410088755037324	-1.83006953105603	3	13
GOCC_EXTRINSIC_COMPONENT_OF_ENDOPLASMIC_RETICULUM_MEMBRANE	0.386274509803922	0.633407126291377	-0.316011795648362	-1.05085052251702	196	7
GOCC_MCM_COMPLEX	0.00191938579654511	0.0305764411027569	0.594174222492807	2.38703434545174	0	11
GOCC_NLS_DEPENDENT_PROTEIN_NUCLEAR_IMPORT_COMPLEX	0.630859375	0.809459179086414	0.241909772038897	0.852377215053516	322	8
GOCC_DNA_POLYMERASE_COMPLEX	0.00798403193612774	0.0768471665231906	0.404399773097922	2.05899429776002	3	18
GOCC_MICROBODY	0.651821862348178	0.8170095945871	0.0662000765174576	0.829491343367801	321	116
GOCC_SPECIFIC_GRANULE	0.947807933194154	0.96790653892037	-0.152774234693878	-0.587643238324811	453	10
GOCC_AZUROPHIL_GRANULE	0.711899791231733	0.854840300494797	-0.224232762056596	-0.815591248636753	340	9
GOCC_CHROMAFFIN_GRANULE	0.271676300578035	0.535740980665736	0.416527213323771	1.16444684059373	140	5
GOCC_GLYCOGEN_GRANULE	0.886178861788618	0.941758023852015	0.208393582985119	0.679739778723116	435	7
GOCC_ZYMOGEN_GRANULE	0.901185770750988	0.945624977336186	-0.134552289815448	-0.623974458344008	455	14
GOCC_ZYMOGEN_GRANULE_MEMBRANE	0.880392156862745	0.939975289999314	-0.205945644377142	-0.684841803325088	448	7
GOCC_LAMELLAR_BODY	0.08203125	0.273936473540146	0.412382432647856	1.45304336618884	41	8
GOCC_MHC_PROTEIN_COMPLEX	0.00835073068893528	0.0771809957613715	-0.488568239795918	-1.87926860279557	3	10
GOCC_MHC_CLASS_I_PROTEIN_COMPLEX	0.00835073068893528	0.0771809957613715	-0.488568239795918	-1.87926860279557	3	10
GOCC_CHYLOMICRON	0.443064182194617	0.68286979451714	-0.355295242648817	-1.00784252887837	213	5
GOCC_ACTOMYOSIN	0.00416666666666667	0.0489802473101012	0.218661931492725	2.32811206098379	1	84
GOCC_MITOCHONDRIAL_INTERMEMBRANE_SPACE_PROTEIN_TRANSPORTER_COMPLEX	0.00770712909441233	0.0768471665231906	0.702685472946051	1.96443318162532	3	5
GOCC_TIM22_MITOCHONDRIAL_IMPORT_INNER_MEMBRANE_INSERTION_COMPLEX	0.25	0.516365688487585	0.361053866035136	1.17768825455328	122	7
GOCC_PRESYNAPTIC_MEMBRANE	0.742802303262956	0.868025680058243	-0.0683526149975019	-0.777379391771641	386	93
GOCC_GPI_ANCHOR_TRANSAMIDASE_COMPLEX	0.142581888246628	0.376362514567766	0.479878874810742	1.34155325694575	73	5
GOCC_POLYSOMAL_RIBOSOME	0.00196850393700787	0.0305764411027569	0.404067832707718	2.7730521737125	0	33
GOCC_MHC_CLASS_I_PEPTIDE_LOADING_COMPLEX	0.0167014613778706	0.115771493642057	-0.477410212125238	-1.73646164569334	7	9
GOCC_NEURON_PROJECTION	0.0178926441351889	0.120620459339114	0.0513683818720482	1.71695054599772	8	912
GOCC_COSTAMERE	0.103585657370518	0.316992897973324	0.292849736800128	1.41457146523521	51	16
GOCC_GERM_CELL_NUCLEUS	0.0100401606425703	0.0851574715211079	0.214529556980984	1.95272187006816	4	62
GOCC_SYNAPTIC_CLEFT	0.490644490644491	0.716411845548009	-0.237829140484008	-0.962910976071991	235	11
GOCC_H4_H2A_HISTONE_ACETYLTRANSFERASE_COMPLEX	0.584158415841584	0.7796855694261	0.152833200319234	0.89175846868414	294	24
GOCC_AXON_INITIAL_SEGMENT	0.472275334608031	0.700358538452242	0.258961073468845	0.96723891654946	246	9
GOCC_TERMINAL_BOUTON	0.505952380952381	0.726760484413546	0.136529787633903	0.948052612666839	254	34
GOCC_VARICOSITY	0.572549019607843	0.776142927585235	-0.267018866205923	-0.887931776403138	291	7
GOCC_DENDRITIC_SHAFT	0.0371819960861057	0.179411764705882	0.223065654547876	1.64536092005385	18	39
GOCC_LYSOSOMAL_LUMEN	0.684630738522954	0.838073320351285	0.158317379281004	0.806070138661935	342	18
GOCC_AXON_HILLOCK	0.0180722891566265	0.120701785243162	0.59502178301987	1.80829551669598	8	6
GOCC_PERIKARYON	0.59108527131783	0.781565062508402	-0.0873600695118145	-0.902623317528038	304	76
GOCC_MYELIN_SHEATH	0.00199600798403194	0.0305764411027569	0.193697762893109	2.99317302102842	0	176
GOCC_COMPACT_MYELIN	0.770161290322581	0.88421643274079	0.170300751879699	0.759983275706207	381	14
GOCC_LATERAL_LOOP	0.512048192771084	0.730926827434543	0.3131176283073	0.951577269310932	254	6
GOCC_SCHMIDT_LANTERMAN_INCISURE	0.81957773512476	0.915645454992864	0.18223855391997	0.73212480583116	426	11
GOCC_EXTRACELLULAR_ORGANELLE	0.44294003868472	0.68286979451714	-0.0965537628196921	-1.0062804345264	228	77
GOCC_RECEPTOR_COMPLEX	0.0252427184466019	0.139954348644578	0.105679420023604	1.78306121252537	12	209
GOCC_FANCONI_ANAEMIA_NUCLEAR_COMPLEX	0.221774193548387	0.483150921658986	0.271758942811574	1.21275008642528	109	14
GOCC_LAMININ_COMPLEX	0.8565965583174	0.928656221398603	0.177678571428571	0.692642201874188	447	10
GOCC_CONTRACTILE_FIBER	0.00198807157057654	0.0305764411027569	0.168882657337623	2.34887156211409	0	141
GOCC_APICAL_JUNCTION_COMPLEX	0.671487603305785	0.829164854284472	0.0708109360518999	0.835699621156423	324	104
GOCC_TRNA_METHYLTRANSFERASE_COMPLEX	0.0863453815261044	0.281160228101016	0.475719902242057	1.4457322252329	42	6
GOCC_NUCLEAR_REPLICATION_FORK	0.0461538461538462	0.20614163972965	0.22337836758225	1.60454736998887	23	37
GOCC_JUXTAPARANODE_REGION_OF_AXON	0.522157996146435	0.739589112188836	0.338879591999363	0.947374523495103	270	5
GOCC_ORGANELLE_MEMBRANE_CONTACT_SITE	0.838771593090211	0.924669888768124	0.0986002378796755	0.701107568674204	436	36
GOCC_MITOCHONDRIA_ASSOCIATED_ENDOPLASMIC_RETICULUM_MEMBRANE	0.793587174348697	0.903149582747585	-0.147216005330105	-0.749640502109634	395	17
GOCC_CELL_CELL_CONTACT_ZONE	0.574509803921569	0.776479277087497	0.0950276243093923	0.889795026351819	292	65
GOCC_DENDRITE_TERMINUS	0.584158415841584	0.7796855694261	0.191344338995667	0.889491043744764	294	15
GOCC_DENDRITIC_GROWTH_CONE	0.461538461538462	0.694585020242915	0.228432466911178	0.9632329506145	239	12
GOCC_AXONAL_GROWTH_CONE	0.568627450980392	0.775401069518716	0.12805678226239	0.899312315532275	289	35
GOCC_CELL_BODY	0.0803059273422562	0.271195483039168	0.0595795650873996	1.50392391638056	41	487
GOCC_CELL_BODY_MEMBRANE	0.44	0.682372881355932	-0.208127293029191	-1.01754290684235	219	16
GOCC_CEREBELLAR_MOSSY_FIBER	0.903614457831325	0.946003694411513	0.214748698331739	0.652630070850053	449	6
GOCC_MAIN_AXON	0.539961013645224	0.748582314371788	0.125843055777529	0.933614302323576	276	40
GOCC_CALYX_OF_HELD	0.0338645418326693	0.169322709163347	0.355070585420322	1.71512094826554	16	16
GOCC_NEURON_PROJECTION_TERMINUS	0.139874739039666	0.374341202801242	0.113269648088468	1.32744831880165	66	103
GOCC_NEURON_SPINE	0.516569200779727	0.733945370673059	-0.0735208334469092	-0.938651481847968	264	118
GOCC_ENDOPLASMIC_RETICULUM_QUALITY_CONTROL_COMPARTMENT	0.27447216890595	0.536778685576281	0.287744703673907	1.15598500303464	142	11
GOCC_DENDRITIC_SPINE_NECK	0.117063492063492	0.34509981909188	-0.444931463181383	-1.36984726841813	58	6
GOCC_DENDRITIC_SPINE_HEAD	0.6875	0.838073320351285	0.231348637015782	0.815164700722514	351	8
GOCC_PINOSOME	0.795918367346939	0.903875725952136	-0.217838354854137	-0.753233625449394	389	8
GOCC_RIBOSOMAL_SUBUNIT	0.00198412698412698	0.0305764411027569	0.354498963129591	5.60465317512533	0	184
GOCC_NSL_COMPLEX	0.708939708939709	0.853665956799513	-0.198132968044472	-0.802191057258488	340	11
GOCC_NUCLEAR_PORE_CENTRAL_TRANSPORT_CHANNEL	0.79718875502008	0.903875725952136	0.248565508447561	0.755400738859963	396	6
GOCC_NUCLEAR_PORE_NUCLEAR_BASKET	0.363070539419087	0.612932737211189	-0.251847126986658	-1.06643762291614	174	12
GOCC_MLL1_2_COMPLEX	0.153535353535354	0.391025641025641	-0.200843351459122	-1.35233538772051	75	31
GOCC_MLL3_4_COMPLEX	0.153846153846154	0.391025641025641	-0.32196879099534	-1.30357147223886	73	11
GOCC_AMPHISOME	0.623246492985972	0.808894384513708	-0.194181546067361	-0.866558096475693	310	13
GOCC_AUTOLYSOSOME	0.527667984189723	0.740744556833838	-0.203132832080201	-0.942010716004742	266	14
GOCC_DNA_PACKAGING_COMPLEX	0.395833333333333	0.645610516934046	0.0966051857792034	1.0285635758853	189	84
GOCC_PLASMA_MEMBRANE_RAFT	0.154320987654321	0.391145993639068	0.119182670815504	1.32436057705119	74	91
GOCC_KERATIN_FILAMENT	0.0478011472275335	0.210279085159582	0.436393428103273	1.62996198978413	24	9
GOCC_TYPE_III_INTERMEDIATE_FILAMENT	0.770186335403727	0.88421643274079	-0.268419794405929	-0.761408687541809	371	5
GOCC_INTERMEDIATE_FILAMENT_CYTOSKELETON	0.429411764705882	0.670545283319185	-0.0988871971578919	-1.01385324808768	218	75
GOCC_PRONUCLEUS	0.645098039215686	0.811918440003237	0.16013268112443	0.838845277237242	328	19
GOCC_INTERCELLULAR_BRIDGE	0.0160642570281124	0.112656981039153	0.189358108108108	1.90860669387026	7	74
GOCC_APICAL_PART_OF_CELL	0.0438247011952191	0.199500505440923	-0.0841220827949689	-1.57364492133885	21	279
GOCC_BASAL_PART_OF_CELL	0.136546184738956	0.370741124736334	0.0845529222925125	1.30969666258072	67	178
GOCC_BASAL_CORTEX	0.84136546184739	0.925299756719185	0.237541175220487	0.721897339626568	418	6
GOCC_SYNAPSE	0.0158102766798419	0.112142660170972	0.0528454305284543	1.76389472669707	7	909
GOCC_POSTSYNAPTIC_MEMBRANE	0.281573498964803	0.5446560897981	0.0849141064484809	1.13178890399834	135	132
GOCC_TRICARBOXYLIC_ACID_CYCLE_ENZYME_COMPLEX	0.073558648111332	0.263945737340662	0.312008220373577	1.55129485642667	36	17
GOCC_DIHYDROLIPOYL_DEHYDROGENASE_COMPLEX	0.0554493307839388	0.224496184368602	0.406026785714286	1.58280925277531	28	10
GOCC_OXOGLUTARATE_DEHYDROGENASE_COMPLEX	0.55421686746988	0.761424074677087	0.299489958559133	0.910162223993505	275	6
GOCC_PYRUVATE_DEHYDROGENASE_COMPLEX	0.461382113821138	0.694585020242915	0.299035626046067	0.975396686247278	226	7
GOCC_PROTON_TRANSPORTING_ATP_SYNTHASE_COMPLEX	0.00581395348837209	0.0648752127056154	0.396409765438009	2.13352596105133	2	20
GOCC_PROTON_TRANSPORTING_ATP_SYNTHASE_COMPLEX_CATALYTIC_CORE_F_1	0.070281124497992	0.258781605294417	0.491924343852938	1.49497818555187	34	6
GOCC_PROTON_TRANSPORTING_ATP_SYNTHASE_COMPLEX_COUPLING_FACTOR_F_O	0.0230769230769231	0.136228287841191	0.412839525859778	1.74082362284704	11	12
GOCC_RESPIRATORY_CHAIN_COMPLEX_IV	0.0155038759689922	0.112142660170972	0.350175522578586	1.88468759724075	7	20
GOCC_MRNA_EDITING_COMPLEX	0.205821205821206	0.470816008316008	-0.303334710414356	-1.22812671940528	98	11
GOCC_CLATHRIN_COATED_ENDOCYTIC_VESICLE	0.640718562874252	0.811918440003237	0.165088988158548	0.840547665587123	320	18
GOCC_PHAGOCYTIC_VESICLE	0.0308880308880309	0.162428438290507	-0.155127303949088	-1.69662281154877	15	85
GOCC_POLE_PLASM	0.832985386221294	0.923123486682809	-0.196333200478278	-0.714113489296951	398	9
GOCC_INTERCELLULAR_CANALICULUS	0.115079365079365	0.34509981909188	-0.445781532249495	-1.37246444631468	57	6
GOCC_ANCHORED_COMPONENT_OF_PLASMA_MEMBRANE	0.0222672064777328	0.134042723204773	-0.254469461002485	-1.76644232622834	10	33
GOCC_LIPOPOLYSACCHARIDE_RECEPTOR_COMPLEX	0.46583850931677	0.697119125427949	-0.343565224320663	-0.974568761271748	224	5
GOCC_PORE_COMPLEX	0.047713717693837	0.210279085159582	0.329274758479606	1.63714352964467	23	17
GOCC_ACTIVIN_RECEPTOR_COMPLEX	0.0683229813664596	0.253234121963563	-0.540999282811379	-1.53461690408542	32	5
GOCC_SET1C_COMPASS_COMPLEX	0.104208416833667	0.317835671342685	-0.317941766390853	-1.41885270487136	51	13
GOCC_PERINUCLEAR_REGION_OF_CYTOPLASM	0.0769230769230769	0.267622111728576	0.0577443969167198	1.51013001930125	38	535
GOCC_HOLLIDAY_JUNCTION_RESOLVASE_COMPLEX	0.662813102119461	0.824013571249058	0.300852657582277	0.841066118610594	343	5
GOCC_SIGNAL_RECOGNITION_PARTICLE	0.656862745098039	0.821078431372549	-0.254050484464129	-0.844807339539622	334	7
GOCC_PIGMENT_GRANULE	0.857976653696498	0.929051642760113	0.123016189640302	0.677282691149546	440	21
GOCC_PRESYNAPTIC_ACTIVE_ZONE	0.793307086614173	0.903149582747585	0.0858423061975631	0.743836466041755	402	56
GOCC_PRESYNAPTIC_ACTIVE_ZONE_MEMBRANE	0.892561983471074	0.94503050155038	-0.105965713724334	-0.655138853662978	431	26
GOCC_SPINDLE_MIDZONE	0.0215686274509804	0.132973101516673	0.255613752810014	1.79511457230316	10	35
GOCC_CELL_TIP	0.687861271676301	0.838073320351285	0.294955773368396	0.824580741491035	356	5
GOCC_RECYCLING_ENDOSOME	0.46484375	0.697119125427949	-0.0745563160690059	-0.96008807482655	237	121
GOCC_RECYCLING_ENDOSOME_MEMBRANE	0.220907297830375	0.483150921658986	0.16101114358787	1.2161595073559	111	42
GOCC_EXCITATORY_SYNAPSE	0.840077071290944	0.92499460918317	0.108133716597466	0.707257258666776	435	30
GOCC_INHIBITORY_SYNAPSE	0.348643006263048	0.606300539083558	-0.282397959183673	-1.08623847184398	166	10
GOCC_KINOCILIUM	0.470588235294118	0.699006875477464	-0.291224994022475	-0.968425676992984	239	7
GOCC_CILIARY_MEMBRANE	0.702647657841141	0.850426728736301	-0.108294661790467	-0.81391928934535	344	39
GOCC_CELL_POLE	0.92479674796748	0.955757609747206	0.19540242972139	0.637365135903738	454	7
GOCC_MICOS_COMPLEX	0.116634799235182	0.34509981909188	0.365811965811966	1.36633496584328	60	9
GOCC_MITOTIC_SPINDLE_ASTRAL_MICROTUBULE	0.880081300813008	0.939975289999314	0.209554930603787	0.683527871245094	432	7
GOCC_TRANSFERASE_COMPLEX_TRANSFERRING_PHOSPHORUS_CONTAINING_GROUPS	0.0669371196754564	0.2520366598778	-0.0835642151893982	-1.50371733617225	32	260
GOCC_GATOR2_COMPLEX	0.908523908523909	0.948971890752713	-0.161024258369391	-0.651947130962133	436	11
GOCC_INFLAMMASOME_COMPLEX	0.00207900207900208	0.0305764411027569	-0.604379117653454	-2.44698057148447	0	11
GOCC_SPERM_HEAD	0.951020408163265	0.970104429731759	-0.170333173919974	-0.588971920082457	465	8
GOCC_COLLAGEN_CONTAINING_EXTRACELLULAR_MATRIX	0.00198412698412698	0.0305764411027569	0.296214337910433	4.99410258808097	0	212
GOCC_TRANSFORMING_GROWTH_FACTOR_BETA_LIGAND_RECEPTOR_COMPLEX	0.0496031746031746	0.211570100938236	-0.515832536393582	-1.58813626235257	24	6
GOCC_EXTRACELLULAR_EXOSOME	0.366336633663366	0.615396014773608	0.115839594984579	1.06944353016398	184	63
GOCC_CYTOCHROME_COMPLEX	0.0019723865877712	0.0305764411027569	0.355691334396324	2.35265066595157	0	31
GOCC_TIGHT_JUNCTION	0.897119341563786	0.945624977336186	0.0575673223510823	0.639689408925826	435	91
GOCC_ANCHORING_JUNCTION	0.16374269005848	0.408241311726182	0.0530929561891183	1.27304383866838	83	447
GOCC_SHELTERIN_COMPLEX	0.264705882352941	0.529990989831381	-0.353755593255075	-1.17636194323919	134	7
GOCC_EXOCYTIC_VESICLE	0.231237322515213	0.495147584973166	0.080860098278776	1.1998618134353	113	165
GOCC_TRANSCRIPTION_EXPORT_COMPLEX_2	0.173913043478261	0.424347826086956	-0.451510080484501	-1.28076879931478	83	5
GOCC_DNA_DEPENDENT_PROTEIN_KINASE_COMPLEX	0.992292870905588	0.994466568322687	0.175551836799745	0.490774132356608	514	5
GOCC_NONHOMOLOGOUS_END_JOINING_COMPLEX	0.814453125	0.911032529798289	0.205623306233062	0.724520632795489	416	8
GOCC_SAGA_TYPE_COMPLEX	0.621153846153846	0.808879072517078	0.120987888903524	0.869067139498966	322	37
GOCC_RESPIRASOME	0.00417536534446764	0.0489802473101012	0.226940960860522	2.40208800259144	1	83
GOCC_ERCC4_ERCC1_COMPLEX	0.685934489402698	0.838073320351285	0.295162961192127	0.825159957443884	355	5
GOCC_BRCA1_A_COMPLEX	0.548780487804878	0.757366736563293	0.27600223160915	0.900266184561387	269	7
GOCC_BRCA1_C_COMPLEX	0.588353413654618	0.780207787672429	0.293273828498566	0.89127115069082	292	6
GOCC_BRISC_COMPLEX	0.755298651252408	0.874807931513865	0.275958243684756	0.771471094122076	391	5
GOCC_RISC_LOADING_COMPLEX	0.254697286012526	0.523703408317891	-0.325167175944378	-1.18271523131497	121	9
GOCC_HAUS_COMPLEX	0.11328125	0.340961657072368	0.389227642276423	1.3714566838254	57	8
GOCC_PRE_SNORNP_COMPLEX	0.963414634146341	0.978503305135475	0.175272404331143	0.571704865522791	473	7
GOCC_GAMMA_SECRETASE_COMPLEX	0.040650406504065	0.189771030363365	0.490475810950825	1.59983774178192	19	7
GOCC_H3_HISTONE_ACETYLTRANSFERASE_COMPLEX	0.51356993736952	0.731957153727587	-0.263301005269917	-0.957692326874171	245	9
GOCC_TERTIARY_GRANULE	0.934489402697495	0.961254216168604	0.20989720296438	0.586790315309717	484	5
GOCC_SIN3_TYPE_COMPLEX	0.0102459016393443	0.0851574715211079	-0.341259076039256	-1.89193549935843	4	21
GOCC_CORE_MEDIATOR_COMPLEX	0.0540540540540541	0.221791298024482	0.25577168680617	1.5599132927273	27	26
GOCC_CELL_BODY_FIBER	0.811175337186898	0.911032529798289	0.257837277870747	0.720811975784404	420	5
GOCC_CRD_MEDIATED_MRNA_STABILITY_COMPLEX	0.153209109730849	0.391025641025641	-0.462124472069488	-1.3108779422849	73	5
GOCC_CONTRACTILE_RING	0.743785850860421	0.868066394817965	0.200972576530612	0.783448937062468	388	10
GOCC_ENDOPLASMIC_RETICULUM_EXIT_SITE	0.0704225352112676	0.258781605294417	-0.251948656557595	-1.49832978605744	34	24
GOCC_TRANSLATION_PREINITIATION_COMPLEX	0.142581888246628	0.376362514567766	0.480038250059766	1.34199880767871	73	5
GOCC_U2_TYPE_CATALYTIC_STEP_2_SPLICEOSOME	0.25626204238921	0.525739391897146	0.177717449164271	1.16237525046022	132	30
GOCC_PRESPLICEOSOME	0.952475247524752	0.970506516130455	0.121668394608821	0.565592626776382	480	15
GOCC_PRECATALYTIC_SPLICEOSOME	0.261208576998051	0.527606728373546	0.13565037037037	1.1564544221101	133	54
GOCC_CATALYTIC_STEP_1_SPLICEOSOME	0.244813278008299	0.510690722304404	-0.282384521341625	-1.19574712362642	117	12
GOCC_CATALYTIC_STEP_2_SPLICEOSOME	0.075875486381323	0.266000268348316	-0.133916981462305	-1.48046858394434	38	88
GOCC_POST_MRNA_RELEASE_SPLICEOSOMAL_COMPLEX	0.296593186372746	0.557666663939724	-0.251893788374133	-1.12410579783838	147	13
GOCC_SMAD_PROTEIN_COMPLEX	0.0271398747390397	0.148700511294738	-0.437228954081633	-1.68179299985194	12	10
GOCC_HETEROMERIC_SMAD_PROTEIN_COMPLEX	0.0306122448979592	0.161908694113484	-0.467778574844572	-1.61746792512116	14	8
GOCC_WASH_COMPLEX	0.665970772442589	0.825695469898332	-0.217442602040816	-0.836388904641387	318	10
GOCC_HISTONE_PRE_MRNA_3_END_PROCESSING_COMPLEX	0.724899598393574	0.860582064759824	0.268010838380618	0.814495891242725	360	6
GOCC_TRANSLOCON_COMPLEX	0.1285140562249	0.357417511993262	0.447773881627882	1.3608031264533	63	6
GOCC_CLATHRIN_COMPLEX	0.339285714285714	0.600476651008566	-0.350812878546382	-1.08007660318406	170	6
GOCC_INTEGRAL_COMPONENT_OF_CYTOPLASMIC_SIDE_OF_ENDOPLASMIC_RETICULUM_MEMBRANE	0.846790890269151	0.927502096384354	-0.248354450553829	-0.704490653008194	408	5
GOCC_EUKARYOTIC_TRANSLATION_INITIATION_FACTOR_3_COMPLEX_EIF3M	0.06640625	0.2520366598778	0.423760561135023	1.49313458445865	33	8
GOCC_NPBAF_COMPLEX	0.564516129032258	0.773251883330114	0.202494873547505	0.903652600553739	279	14
GOCC_NBAF_COMPLEX	0.151093439363817	0.388344092746889	0.311397079118951	1.35302602671465	75	13
GOCC_NEURONAL_RIBONUCLEOPROTEIN_GRANULE	0.349019607843137	0.606300539083558	-0.328524746951462	-1.09246049276548	177	7
GOCC_ENDOPLASMIC_RETICULUM_TUBULAR_NETWORK	0.693050193050193	0.842152625021151	0.134670645446508	0.821336140037157	358	26
GOCC_MMXD_COMPLEX	0.0809248554913295	0.272228833730024	0.532313331739581	1.48813944808994	41	5
GOCC_RAGULATOR_COMPLEX	0.922619047619048	0.955757609747206	-0.198570821379237	-0.611356399273122	464	6
GOCC_PTW_PP1_PHOSPHATASE_COMPLEX	0.276470588235294	0.537912046083183	-0.349258217672978	-1.16140658541558	140	7
GOCC_ER_MEMBRANE_INSERTION_COMPLEX	0.0847784200385356	0.280255003917658	0.523483942943661	1.4634559374839	43	5
GOCC_MSL_COMPLEX	0.894409937888199	0.94503050155038	-0.231301298908279	-0.656117104993128	431	5
GOCC_EMC_COMPLEX	0.213051823416507	0.477800045162019	0.310901408246541	1.24901470215294	110	11
GOCC_IPAF_INFLAMMASOME_COMPLEX	0.00198412698412698	0.0305764411027569	-0.711720327276591	-2.1912321938897	0	6
GOCC_NLRP3_INFLAMMASOME_COMPLEX	0.0156862745098039	0.112142660170972	-0.560418540573159	-1.86358903148298	7	7
GOCC_TRNA_SPLICING_LIGASE_COMPLEX	0.263265306122449	0.528262620837809	-0.328371592539455	-1.13543147766013	128	8
GOCC_MITOTIC_SPINDLE	0.00782778864970646	0.0768471665231906	0.141018010406915	2.07648013352415	3	159
GOCC_MEIOTIC_SPINDLE	0.282149712092131	0.5446560897981	0.284330992295594	1.14227076569983	146	11
GOCC_CUL4_RING_E3_UBIQUITIN_LIGASE_COMPLEX	0.370672097759674	0.618914177828653	-0.163697432720765	-1.06263895775203	181	29
GOCC_U2AF_COMPLEX	0.834368530020704	0.923152605766559	-0.25157383058411	-0.713622855530665	402	5
GOCC_FLEMMING_BODY	0.498039215686275	0.719914506086795	0.177523985472257	0.929948563679023	253	19
GOCC_RNA_POLYMERASE_II_TRANSCRIPTION_REPRESSOR_COMPLEX	0.629482071713147	0.809459179086414	0.17490827883235	0.844871035136058	315	16
GOCC_RNA_POLYMERASE_II_TRANSCRIPTION_REGULATOR_COMPLEX	0.0643863179074447	0.246737995824635	-0.0897038507134685	-1.4854691145337	31	215
GOCC_RNA_POLYMERASE_III_TRANSCRIPTION_REGULATOR_COMPLEX	0.58455114822547	0.7796855694261	-0.246251273194278	-0.895678140610958	279	9
GOCC_GLYCOPROTEIN_COMPLEX	0.220729366602687	0.483150921658986	0.306538235741776	1.23148610156789	114	11
GOCC_CENTRAL_REGION_OF_GROWTH_CONE	0.353174603174603	0.607433762978876	-0.345128041653384	-1.06257422600086	177	6
GOCC_SITE_OF_DNA_DAMAGE	0.266393442622951	0.530169033719613	0.105300964076834	1.15834461520595	129	88
GOCC_CILIARY_PLASM	0.0154738878143133	0.112142660170972	-0.177272675228915	-1.84753053065507	7	77
GOCC_PERINUCLEAR_ENDOPLASMIC_RETICULUM	0.630350194552529	0.809459179086414	0.153320946985672	0.844129735181073	323	21
GOCC_SYNAPTIC_MEMBRANE	0.127450980392157	0.355541606886657	0.0805593844196368	1.36988118691886	64	214
GOCC_BCL_2_FAMILY_PROTEIN_COMPLEX	0.240917782026769	0.50675809322872	0.319516407599309	1.19341760429994	125	9
GOCC_NUCLEAR_STRESS_GRANULE	0.797101449275362	0.903875725952136	-0.262044784444976	-0.743325118190383	384	5
GOCC_AIM2_INFLAMMASOME_COMPLEX	0.0020703933747412	0.0305764411027569	-0.759980874970117	-2.15578751130692	0	5
GOCC_PROTEASE_INHIBITOR_COMPLEX	0.237254901960784	0.500203307129303	-0.362898359311845	-1.2067648605363	120	7
GOCC_TETRASPANIN_ENRICHED_MICRODOMAIN	0.825490196078431	0.918885072277086	-0.218321966548634	-0.72599743358904	420	7
GOCC_ALVEOLAR_LAMELLAR_BODY	0.216867469879518	0.480469091863823	0.399718414621188	1.21476059822869	107	6
GOCC_SPERM_MIDPIECE	0.343621399176955	0.605603765259597	-0.192844499898442	-1.08207376293987	166	22
GOCC_SPERM_ANNULUS	0.449275362318841	0.686288742106409	-0.352713363614631	-1.00051868329104	216	5
GOCC_SPERM_PRINCIPAL_PIECE	0.266533066132265	0.530169033719613	-0.261529874319923	-1.16710797010331	132	13
GOCC_RIPOPTOSOME	0.231884057971014	0.495147584973166	-0.422440035062555	-1.19830772307227	111	5
GOCC_INO80_TYPE_COMPLEX	0.1237721021611	0.352808328590052	0.231020994651553	1.41357210130073	62	27
GOCC_CIA_COMPLEX	0.229287090558767	0.49364161849711	0.432066300103594	1.20788803705744	118	5
GOCC_GLIAL_CELL_PROJECTION	0.0755467196819085	0.265988372093023	0.262937480266331	1.49267973120706	37	23
GOCC_LEWY_BODY	0.833333333333333	0.923123486682809	0.220769905156611	0.720108960795565	409	7
GOCC_TUBULAR_ENDOSOME	0.484472049689441	0.709907444668008	-0.337317714558929	-0.95684686330735	233	5
GOCC_MICROTUBULE_BUNDLE	0.674373795761079	0.831606500163595	0.297808590325922	0.832556099611038	349	5
GOCC_MITOTIC_SPINDLE_POLE	0.385356454720617	0.633036186839074	0.144926073573195	1.05881050927592	199	38
GOCC_APICAL_DENDRITE	0.572854291417166	0.776142927585235	0.173393958732185	0.882832276488827	286	18
GOCC_BASAL_DENDRITE	0.873706004140787	0.936124235432004	-0.239811937206152	-0.680258670077283	421	5
GOCC_SORTING_ENDOSOME	0.41233140655106	0.659586078661223	0.369463702287035	1.03287570915033	213	5
GOCC_DENDRITIC_TREE	0.13855421686747	0.373190487132353	0.0568339291026773	1.32949737659418	68	428
GOCC_ASTROCYTE_PROJECTION	0.183556405353728	0.435492768829708	0.338337540410079	1.26371593857957	95	9
GOCC_RIBBON_SYNAPSE	0.853754940711462	0.928087534610465	-0.148370927318296	-0.688057179364352	431	14
GOCC_GEMINI_OF_COILED_BODIES	0.461382113821138	0.694585020242915	0.299411356157989	0.976622245592624	226	7
GOCC_CARDIAC_MYOFIBRIL	0.00963391136801541	0.0851574715211079	0.66923260817595	1.87091208277679	4	5
GOCC_SPERM_PLASMA_MEMBRANE	0.709055876685935	0.853665956799513	0.292071081361065	0.81651627322444	367	5
GOCC_SPLICEOSOMAL_TRI_SNRNP_COMPLEX	0.0729783037475345	0.263756770288107	0.229103610646733	1.51536096057761	36	31
GOCC_CILIARY_TRANSITION_FIBER	0.445506692160612	0.68286979451714	0.253427933673469	0.987935014248943	232	10
GOCC_CILIARY_TIP	0.544885177453027	0.754266168486414	-0.244244260204082	-0.939480981830284	260	10
GOCC_CILIARY_BASE	0.430555555555556	0.670545283319185	0.142839691787258	0.991868114191721	216	34
GOCC_TRANSCRIPTION_PREINITIATION_COMPLEX	0.207293666026871	0.471666169714918	0.312981525370906	1.25737136057139	107	11
GOCC_LATERAL_PART_OF_CELL	0.636546184738956	0.810069205891717	0.281293167569865	0.85486143248778	316	6
GOCC_PHOSPHATIDYLINOSITOL_3_KINASE_COMPLEX_CLASS_I	0.122448979591837	0.350244728915663	-0.397855890323609	-1.3756917824481	59	8
GOCC_9PLUS2_MOTILE_CILIUM	0.402321083172147	0.651546532924804	-0.0999178748637753	-1.04134110985023	207	77
GOCC_NON_MOTILE_CILIUM	0.0235756385068762	0.136529805277163	-0.158094127686179	-1.81003119502201	11	95
GOCC_9PLUS0_NON_MOTILE_CILIUM	0.0174081237911025	0.118868904991484	-0.173092516203841	-1.80396503804972	8	77
GOCC_ATPASE_DEPENDENT_TRANSMEMBRANE_TRANSPORT_COMPLEX	0.15650406504065	0.393409943714822	0.396953170365141	1.29478487927677	76	7
GOCC_SIDE_OF_MEMBRANE	0.0432098765432099	0.197685185185185	-0.0777706158797086	-1.63784655485376	20	345
GOCC_LUMENAL_SIDE_OF_ENDOPLASMIC_RETICULUM_MEMBRANE	0.171189979123173	0.418820403469796	-0.330389030612245	-1.27083523111738	81	10
GOCC_CYTOPLASMIC_SIDE_OF_ENDOPLASMIC_RETICULUM_MEMBRANE	0.494780793319415	0.716918489792932	-0.266206102475533	-0.968258899910189	236	9
GOCC_CYTOPLASMIC_SIDE_OF_MEMBRANE	0.584493041749503	0.7796855694261	0.063389118604337	0.900617154868794	293	148
GOCC_INTRINSIC_COMPONENT_OF_SYNAPTIC_VESICLE_MEMBRANE	0.395112016293279	0.64558481233634	-0.157968201527979	-1.02544775589727	193	29
GOCC_INTRINSIC_COMPONENT_OF_MITOCHONDRIAL_MEMBRANE	0.00813008130081301	0.0768471665231906	0.194668376205358	1.97387928777392	3	75
GOCC_CYTOPLASMIC_SIDE_OF_LYSOSOMAL_MEMBRANE	0.0420650095602294	0.195378090089391	0.418941326530612	1.63315384928627	21	10
GOCC_LUMENAL_SIDE_OF_MEMBRANE	0.802371541501976	0.90750304137739	-0.158874458874459	-0.736766386932989	405	14
GOCC_BOUNDING_MEMBRANE_OF_ORGANELLE	0.0141987829614604	0.107808318324889	-0.0567754890499752	-1.94468406833973	6	925
GOCC_PLASMA_MEMBRANE_REGION	0.0225988700564972	0.134272507153863	0.0562611550154271	1.72646943878225	11	716
GOCC_PROTEIN_COMPLEX_INVOLVED_IN_CELL_ADHESION	0.0235294117647059	0.136529805277163	0.247466137185763	1.73789580619284	11	35
GOCC_PROTEIN_COMPLEX_INVOLVED_IN_CELL_MATRIX_ADHESION	0.0461538461538462	0.20614163972965	0.387338542497209	1.63329342900008	23	12
GOCC_COMPLEX_OF_COLLAGEN_TRIMERS	0.00198807157057654	0.0305764411027569	0.699220403231248	3.0381254912812	0	13
GOCC_PHOTORECEPTOR_RIBBON_SYNAPSE	0.530487804878049	0.741520343587331	0.281273838937025	0.917461153558207	260	7
GOCC_SCHAFFER_COLLATERAL_CA1_SYNAPSE	0.854043392504931	0.928087534610465	-0.0687075267434133	-0.684529618666097	432	71
GOCC_HIPPOCAMPAL_MOSSY_FIBER_TO_CA3_SYNAPSE	0.777335984095427	0.891183290776951	0.131139122801539	0.744468648500989	390	23
GOCC_CHROMOSOMAL_REGION	0.00193423597678917	0.0305764411027569	0.113188637486399	2.36790832580882	0	311
GOCC_PARALLEL_FIBER_TO_PURKINJE_CELL_SYNAPSE	0.963531669865643	0.978503305135475	0.138889492871794	0.55797437377277	501	11
GOCC_GOLGI_APPARATUS_SUBCOMPARTMENT	0.143141153081511	0.376362514567766	-0.0775739854687223	-1.36325016861999	71	242
GOCC_PRESYNAPSE	0.495164410058027	0.716918489792932	0.0444241667467102	0.960237175896087	255	348
GOCC_POSTSYNAPSE	0.444444444444444	0.68286979451714	0.0414928547827523	0.995908990139726	227	448
GOCC_MEMBRANE_PROTEIN_COMPLEX	0.00965250965250965	0.0851574715211079	0.0592028177231234	1.8637592589922	4	785
GOCC_PLASMA_MEMBRANE_PROTEIN_COMPLEX	0.0601202404809619	0.237588284171167	0.0822313135780628	1.61167920304978	29	280
GOCC_MITOCHONDRIAL_PROTEIN_CONTAINING_COMPLEX	0.00199203187250996	0.0305764411027569	0.252922630556362	4.9153509653752	0	276
GOCC_OUTER_MITOCHONDRIAL_MEMBRANE_PROTEIN_COMPLEX	0.047713717693837	0.210279085159582	0.375666276152681	1.63227686795158	23	13
GOCC_INNER_MITOCHONDRIAL_MEMBRANE_PROTEIN_COMPLEX	0.00199600798403194	0.0305764411027569	0.27652969017008	3.77672114522971	0	135
GOCC_PLASMA_MEMBRANE_SIGNALING_RECEPTOR_COMPLEX	0.0134874759152216	0.105478978311348	-0.163287633460255	-1.93637991001516	6	99
GOCC_ENDOPLASMIC_RETICULUM_TUBULAR_NETWORK_MEMBRANE	0.25879917184265	0.527606728373546	-0.407841262251972	-1.1568963492575	124	5
GOCC_PRESYNAPTIC_ACTIVE_ZONE_CYTOPLASMIC_COMPONENT	0.748076923076923	0.870852906635349	0.176447137617605	0.744026010369944	388	12
GOCC_PRESYNAPTIC_ENDOCYTIC_ZONE	0.872651356993737	0.936124235432004	-0.18798990301581	-0.683766806980096	417	9
GOCC_PRESYNAPTIC_ENDOCYTIC_ZONE_MEMBRANE	0.73921568627451	0.866283986034664	-0.235605551697048	-0.783471441630144	376	7
GOCC_POSTSYNAPTIC_RECYCLING_ENDOSOME	0.0196078431372549	0.128909551986475	-0.522606428400642	-1.73785044076855	9	7
GOCC_POSTSYNAPTIC_DENSITY_MEMBRANE	0.700404858299595	0.848835026945867	-0.118733860447781	-0.824210951778613	345	33
GOCC_POSTSYNAPTIC_ENDOSOME	0.0997920997920998	0.309574156608868	-0.353793858218637	-1.4324232457481	47	11
GOCC_LYTIC_VACUOLE_MEMBRANE	0.116831683168317	0.34509981909188	-0.089261092381385	-1.32227186019106	58	162
GOCC_MEMBRANE_MICRODOMAIN	0.0824949698189135	0.274483263215658	0.079474050270452	1.50916642441996	40	265
GOCC_ACTIN_BASED_CELL_PROJECTION	0.276892430278884	0.537912046083183	0.0812934325255432	1.12938160136099	138	142
GOCC_CLUSTER_OF_ACTIN_BASED_CELL_PROJECTIONS	0.634297520661157	0.809459179086414	0.0730722891566265	0.862387757739391	306	104
GOCC_POSTSYNAPTIC_ACTIN_CYTOSKELETON	0.491701244813278	0.716411845548009	-0.226904268325094	-0.960817982866876	236	12
GOCC_NEUROTRANSMITTER_RECEPTOR_COMPLEX	0.0120967741935484	0.0962482468443198	0.429938482570062	1.91864130210397	5	14
GOCC_EXTRINSIC_COMPONENT_OF_PRESYNAPTIC_MEMBRANE	0.917670682730924	0.955238359201774	0.208373180320901	0.633254611052427	456	6
GOCC_INTRINSIC_COMPONENT_OF_PRESYNAPTIC_MEMBRANE	0.46031746031746	0.694585020242915	0.119671670955833	0.987393769144642	231	51
GOCC_EXTRINSIC_COMPONENT_OF_POSTSYNAPTIC_MEMBRANE	0.223709369024857	0.485057044212663	0.313488520408163	1.22206846493631	116	10
GOCC_EXTRINSIC_COMPONENT_OF_POSTSYNAPTIC_SPECIALIZATION_MEMBRANE	0.533718689788054	0.744439940786691	0.33685552633676	0.941716029186498	276	5
GOCC_INTRINSIC_COMPONENT_OF_POSTSYNAPTIC_MEMBRANE	0.216535433070866	0.480469091863823	0.141525501223053	1.22633970762929	109	56
GOCC_INTRINSIC_COMPONENT_OF_PRESYNAPTIC_ACTIVE_ZONE_MEMBRANE	0.660039761431412	0.822801609958776	0.163469072721216	0.812762982313833	331	17
GOCC_INTRINSIC_COMPONENT_OF_POSTSYNAPTIC_SPECIALIZATION_MEMBRANE	0.847422680412371	0.927502096384354	-0.106755092265231	-0.679274794621826	410	28
GOCC_GLUTAMATERGIC_SYNAPSE	0.760076775431862	0.878119001919386	0.0359428641490928	0.76220807068301	395	320
GOCC_GABA_ERGIC_SYNAPSE	0.147572815533981	0.383815341121307	0.172071832601264	1.31425789075731	75	43
GOCC_NEURONAL_DENSE_CORE_VESICLE	0.152941176470588	0.391025641025641	-0.393173097723986	-1.30743902877167	77	7
GOCC_ANCHORED_COMPONENT_OF_SYNAPTIC_VESICLE_MEMBRANE	0.668058455114823	0.827163039824171	-0.230565519684691	-0.838625089248803	319	9
GOCC_VESICLE_TETHERING_COMPLEX	0.156435643564356	0.393409943714822	-0.133987713297717	-1.31585326458295	78	68
GOCC_ANCHORED_COMPONENT_OF_POSTSYNAPTIC_MEMBRANE	0.290650406504065	0.556345261082125	0.342574775985153	1.11741301765946	142	7
GOCC_ANCHORED_COMPONENT_OF_PRESYNAPTIC_MEMBRANE	0.26219512195122	0.52773469075656	0.355008026961482	1.15796789054181	128	7
GOCC_ANCHORED_COMPONENT_OF_POSTSYNAPTIC_SPECIALIZATION_MEMBRANE	0.622350674373796	0.808879072517078	0.313937365527134	0.877645833786697	322	5
GOCC_INTEGRAL_COMPONENT_OF_PRESYNAPTIC_ACTIVE_ZONE_MEMBRANE	0.729249011857708	0.861836779175489	-0.171417179311916	-0.794932154322436	368	14
GOCC_BORC_COMPLEX	0.099609375	0.309574156608868	0.396401243424199	1.396733108654	50	8
GOCC_SUPRAMOLECULAR_COMPLEX	0.00196850393700787	0.0305764411027569	0.0650876874113548	2.20132975462743	0	927
GOCC_SUPRAMOLECULAR_POLYMER	0.00193050193050193	0.0305764411027569	0.0978918215270012	2.79474126664134	0	633
GOCC_SYNAPTONEMAL_STRUCTURE	0.0882352941176471	0.285283724797339	0.280704553565805	1.47045367256853	44	19
GOCC_POSTSYNAPTIC_SPECIALIZATION_INTRACELLULAR_COMPONENT	0.832298136645963	0.923123486682809	-0.107154263813478	-0.702833598694971	401	30
GOCC_POSTSYNAPTIC_DENSITY_INTRACELLULAR_COMPONENT	0.885148514851485	0.941758023852015	0.112500598611222	0.665426556998378	446	25
GOCC_ANCHORED_COMPONENT_OF_SYNAPTIC_MEMBRANE	0.367219917012448	0.615396014773608	-0.250451815234147	-1.0605292253641	176	12
GOCC_INTRINSIC_COMPONENT_OF_POSTSYNAPTIC_DENSITY_MEMBRANE	0.634194831013916	0.809459179086414	0.147425688639999	0.836926470388587	318	23
GOCC_INTRINSIC_COMPONENT_OF_SYNAPTIC_MEMBRANE	0.292089249492901	0.556345261082125	0.10256022860383	1.10870489211994	143	86
GOCC_EXTRINSIC_COMPONENT_OF_SYNAPTIC_MEMBRANE	0.283168316831683	0.545471599791558	0.246867107956509	1.14759643622098	142	15
GOCC_SECRETORY_VESICLE	0.179732313575526	0.429386597706543	0.0594374702522608	1.26793454598016	93	330
GOCC_POLYMERIC_CYTOSKELETAL_FIBER	0.0133843212237094	0.105478978311348	0.0793584740346495	2.01684924963151	6	495
GOCC_CYTOSOLIC_REGION	0.55421686746988	0.761424074677087	-0.131638789701184	-0.927884534333759	275	34
GOCC_PRESYNAPTIC_CYTOSOL	0.139917695473251	0.374341202801242	-0.246768788894208	-1.33890714088271	67	20
GOCC_POSTSYNAPTIC_CYTOSOL	0.612403100775194	0.80394381235194	0.152968400893712	0.864227363680408	315	22
GOCC_CYTOPLASMIC_REGION	0.116600790513834	0.34509981909188	-0.0969599768414761	-1.33910058019361	58	138
GOCC_POSTSYNAPTIC_CYTOSKELETON	0.118577075098814	0.346639053403882	-0.297767145135566	-1.38086905361068	59	14
GOCC_POSTSYNAPTIC_SPECIALIZATION	0.617529880478088	0.808354564574321	0.0445290127726412	0.861981348601648	309	273
GOCC_POSTSYNAPTIC_SPECIALIZATION_MEMBRANE	0.725146198830409	0.860582064759824	0.105080959704346	0.791121868346242	371	41
GOCC_CELL_CORTEX_REGION	0.23679060665362	0.500203307129303	0.187897308830615	1.19766184904151	120	29
GOCC_NUCLEOLAR_EXOSOME_RNASE_COMPLEX	0.166347992351816	0.410265264156097	0.342305478056773	1.27853648152417	86	9
GOCC_CHAPERONE_COMPLEX	0.00385356454720617	0.0489802473101012	0.327701479825402	2.1433578496625	1	30
GOCC_MCRD_MEDIATED_MRNA_STABILITY_COMPLEX	0.221532091097308	0.483150921658986	-0.42983504661726	-1.21928466351993	106	5
GOCC_SUMO_LIGASE_COMPLEX	0.813819577735125	0.911032529798289	0.182803881918926	0.734395953415269	423	11
GOCC_B_WICH_COMPLEX	0.426530612244898	0.670545283319185	-0.286326319145544	-0.990048844134865	208	8
GOCC_UBIQUINONE_BIOSYNTHESIS_COMPLEX	0.0742971887550201	0.265554405120482	0.483742429072362	1.47011301214491	36	6
GOCC_PROCENTRIOLE_REPLICATION_COMPLEX	0.384920634920635	0.633036186839074	-0.334050579109553	-1.02846912653639	193	6
GOCC_CENTRIOLAR_SUBDISTAL_APPENDAGE	0.669216061185469	0.827476616195545	0.210905612244898	0.822170768699907	349	10
GOCC_NEURON_PROJECTION_CYTOPLASM	0.596456692913386	0.786394631146611	0.127431974888248	0.874545030215131	302	33
GOCC_SM_LIKE_PROTEIN_FAMILY_COMPLEX	0.0203252032520325	0.12994759490435	0.176448967598899	1.7891399172362	9	75
GOCC_CONE_PHOTORECEPTOR_OUTER_SEGMENT	0.724470134874759	0.860582064759824	0.285361383377162	0.797758587366779	375	5
GOCC_PHOTORECEPTOR_DISTAL_CONNECTING_CILIUM	0.755020080321285	0.874807931513865	0.261874402295186	0.795847011187509	375	6
GOCC_BBAF_COMPLEX	0.934990439770555	0.961254216168604	0.16270315752181	0.607708423866666	488	9
GOCC_ENDOPLASMIC_RETICULUM_PLASMA_MEMBRANE_CONTACT_SITE	0.874739039665971	0.936124235432004	-0.187538195828351	-0.682123833733641	418	9
GOCC_GBAF_COMPLEX	0.343936381709742	0.605603765259597	0.249470966000748	1.08395592811492	172	13
GOCC_CHROMOSOME_TELOMERIC_REPEAT_REGION	0.586278586278586	0.780207787672429	-0.223884383176419	-0.906452125643439	281	11
GOCC_NUCLEAR_PROTEIN_CONTAINING_COMPLEX	0.00198412698412698	0.0305764411027569	0.0924247221686014	3.4610761937444	0	1173
GOCC_ENDOPLASMIC_RETICULUM_PROTEIN_CONTAINING_COMPLEX	0.167641325536062	0.411238104197043	-0.100934411304523	-1.28864473236499	85	118
GOCC_INTRACELLULAR_PROTEIN_CONTAINING_COMPLEX	0.00397614314115308	0.0489802473101012	0.0724475992361271	2.29082140550207	1	811
GOCC_ATAC_COMPLEX	0.731854838709677	0.861836779175489	0.17488038277512	0.780420313423372	362	14
GOCC_ENZYME_ACTIVATOR_COMPLEX	0.757763975155279	0.876553776570266	-0.272388238106622	-0.772665709463072	365	5
GOCC_DISTAL_AXON	0.0958904109589041	0.304651826484018	0.0827263026028859	1.48701923975269	48	238
GOCC_CATALYTIC_COMPLEX	0.00199203187250996	0.0305764411027569	0.0775790489080997	3.27112591180187	0	1459
GOCC_H4_HISTONE_ACETYLTRANSFERASE_COMPLEX	0.198757763975155	0.461724089691834	-0.170295705707221	-1.2539148153549	95	38
GOCC_DENDRITIC_FILOPODIUM	0.981927710843373	0.987750484809308	0.162389756667729	0.493509107262045	488	6
GOCC_PROTEIN_KINASE_COMPLEX	0.200392927308448	0.464201337942354	-0.0956133139482791	-1.23378137608346	101	123
GOCC_PHOSPHATASE_COMPLEX	0.0750507099391481	0.265988372093023	-0.184027323595669	-1.48108592531228	36	44
GOCC_PEPTIDASE_INHIBITOR_COMPLEX	0.248565965583174	0.515386492931038	0.31682387848191	1.18336080730182	129	9
GOCC_AXON_CYTOPLASM	0.86144578313253	0.931705545586602	0.231006269259377	0.702037493334001	428	6
GOCC_AMPHISOME_MEMBRANE	0.966735966735967	0.980668968473847	-0.138157465591094	-0.559365180285375	464	11
GOCC_ATPASE_COMPLEX	0.108829568788501	0.330827426715875	0.129682662015441	1.42959507040526	52	89
GOCC_INTEGRAL_COMPONENT_OF_LYSOSOMAL_MEMBRANE	0.779591836734694	0.891658163265306	-0.221983102183963	-0.767565183635771	381	8
GOCC_SERINE_TYPE_PEPTIDASE_COMPLEX	0.00203252032520325	0.0305764411027569	0.742772888225985	2.42278227310058	0	7
GOCC_ENDODEOXYRIBONUCLEASE_COMPLEX	0.662813102119461	0.824013571249058	0.300852657582277	0.841066118610594	343	5
GOCC_ENDONUCLEASE_COMPLEX	0.349328214971209	0.606300539083558	0.153046280023433	1.08825199197596	181	36
GOCC_EXORIBONUCLEASE_COMPLEX	0.495049504950495	0.716918489792932	0.166227720138335	0.969913453711548	249	24
GOCC_GTPASE_COMPLEX	0.895874263261297	0.94547283838995	0.10620615027097	0.649854578091642	455	27
GOCC_PEPTIDASE_COMPLEX	0.0449897750511247	0.203790317682075	0.133213578947942	1.67629170636157	21	118
GOCC_ENDOPEPTIDASE_COMPLEX	0.0103305785123967	0.0851574715211079	0.183653578521793	1.96691140419882	4	85
GOCC_MITOTIC_SPINDLE_MIDZONE	0.155241935483871	0.392393289966138	0.295591250854409	1.31910402399819	76	14
GOCC_RPAP3_R2TP_PREFOLDIN_LIKE_COMPLEX	0.269598470363289	0.533945022472747	0.295137117346939	1.15052941483247	140	10
GOCC_TRAPPII_PROTEIN_COMPLEX	0.869980879541109	0.936124235432004	0.173325892857143	0.675674208235311	454	10
GOCC_TRAPPIII_PROTEIN_COMPLEX	0.975051975051975	0.985826030024925	-0.136722402209128	-0.553554965948134	468	11
GOCC_SPERMATOPROTEASOME_COMPLEX	0.072463768115942	0.263756770288107	-0.537253964459319	-1.52399280709146	34	5
GOCC_MESSENGER_RIBONUCLEOPROTEIN_COMPLEX	0.573122529644269	0.776142927585235	-0.197072226019594	-0.91390518625798	289	14
GOCC_GATOR1_COMPLEX	0.273092369477912	0.536222141786028	0.380432472638402	1.15614983234087	135	6
GOCC_OXIDOREDUCTASE_COMPLEX	0.00206611570247934	0.0305764411027569	0.271226444238492	3.20097218502494	0	104
GOCC_IRON_SULFUR_CLUSTER_ASSEMBLY_COMPLEX	0.0115163147792706	0.092433579149409	0.468722141288513	1.88304340271663	5	11
GOCC_TRANSFERASE_COMPLEX	0.00204081632653061	0.0305764411027569	-0.0853329143864689	-2.64128834854422	0	757
GOCC_UNIPLEX_COMPLEX	0.365461847389558	0.615396014773608	0.345313994262034	1.04942334128895	181	6
GOCC_ATG1_ULK1_KINASE_COMPLEX	0.755258126195029	0.874807931513865	0.206315043620743	0.770602069980954	394	9
GOCC_TRANSPORTER_COMPLEX	0.0550098231827112	0.224496184368602	0.100738818246093	1.58967777038339	27	182
GOCC_DNA_REPAIR_COMPLEX	0.845098039215686	0.927175906333757	0.13357966115928	0.699748902669925	430	19
GOCC_3M_COMPLEX	0.925465838509317	0.955757609747206	-0.217196589369671	-0.616107207803097	446	5
GOCC_L_TYPE_VOLTAGE_GATED_CALCIUM_CHANNEL_COMPLEX	0.00192678227360308	0.0305764411027569	0.941031157861184	2.63075430276858	0	5
GOCC_OMEGASOME	0.0146137787056367	0.109603340292276	-0.487790620433107	-1.77421781520008	6	9
GOCC_MITOTIC_SPINDLE_MICROTUBULE	0.31610337972167	0.579628441774204	0.254249139744714	1.10471718077035	158	13
GOCC_PHOSPHOLIPID_TRANSLOCATING_ATPASE_COMPLEX	0.112244897959184	0.338957365124268	-0.407859078590786	-1.41028044691714	54	8
GOCC_PROXIMAL_DENDRITE	0.883365200764818	0.941758023852015	0.170424107142857	0.664362212476059	461	10
GOCC_LSM1_7_PAT1_COMPLEX	0.354527938342967	0.608465132997843	0.389210295641087	1.08807944496421	183	5
GOCC_EARP_COMPLEX	0.33718689788054	0.597918627055608	0.395186867479481	1.10478759745025	174	5
GOCC_MICROTUBULE_END	0.145383104125737	0.381162006518765	0.220403927516564	1.34860835234669	73	27
GOCC_RIBONUCLEOPROTEIN_COMPLEX	0.00194174757281553	0.0305764411027569	0.134967949054944	3.88504958459389	0	647
GOCC_BETA_CATENIN_TCF_COMPLEX	0.296593186372746	0.557666663939724	-0.251973526831991	-1.12446164012956	147	13
GOCC_WNT_SIGNALOSOME	0.638830897703549	0.811814034778287	-0.237872547717107	-0.865202597647323	305	9
