pathway	pval	padj	ES	NES	nMoreExtreme	size
GIBBONS_GENETIC_MOUSE_MODEL_LUNG_ADENOCARCINOMA_UP_IN_METASTASIS	0.0710059171597633	0.162379321083775	0.385730229591837	1.49272383496125	35	10
GIBBONS_GENETIC_MOUSE_MODEL_LUNG_ADENOCARCINOMA_DOWN_IN_METASTASIS	0.427402862985685	0.541418495531429	-0.31752736159813	-0.993505749172272	208	6
LIU_OVARIAN_CANCER_TUMORS_AND_XENOGRAFTS_KINASES_DN	0.848303393213573	0.894630641629363	-0.118249350306891	-0.682951290609812	424	23
HEVNER_TELENCEPHALON_CHOROID_PLEXUS_EPITHELIAL_CELLS	0.16370808678501	0.277314478394101	0.295044561530488	1.29877865369361	82	13
HEVNER_CORTEX_APICAL_AND_BASAL_INTERMEDIATE_PROGENITOR_CELLS	0.00412371134020619	0.0197859744990893	-0.295442221326177	-2.35880535563451	1	46
HEVNER_CORTEX_APICAL_INTERMEDIATE_PROGENITOR_CELLS	0.741414141414141	0.813496071829405	-0.204320790816327	-0.797707008648806	366	10
HEVNER_CORTEX_BASAL_INTERMEDIATE_PROGENITOR_CELLS	0.576200417536534	0.683107998416437	-0.121503426657242	-0.896445649671175	275	39
HEVNER_CORTEX_INTERNEURON_PRECURSOR_CELLS	0.0809716599190283	0.172461697229499	-0.520232687863575	-1.4749560033872	39	5
HEVNER_TELENCEPHALON_VASCULAR_ENDOTHELIUM_AND_MENINGEAL_CELLS	0.120724346076459	0.225611734925683	0.30409655209081	1.41875497884486	59	15
HEVNER_TELENCEPHALON_MENINGEAL_CELLS	0.00201612903225806	0.0111521778188445	0.504104120089428	3.33865941097943	0	30
HEVNER_TELENCEPHALON_MICROGLIA	0.376278118609407	0.496184651094954	-0.336149187121454	-1.05177124989759	183	6
HEVNER_CORTEX_NEURAL_STEM_AND_PROGENITOR_CELLS	0.429447852760736	0.542427593094593	-0.316385081287855	-0.989931688500106	209	6
HEVNER_CORTEX_NEURAL_STEM_CELLS	0.0552268244575937	0.135570933484884	0.398804209183674	1.54331836828362	27	10
HEVNER_CORTICAL_PLATE_POSTMITOTIC_NEURONS	0.641176470588235	0.733134674922601	0.0829757236458102	0.867458692216085	326	78
HEVNER_INTERMEDIATE_ZONE_AND_UP_POSTMITOTIC_NEURONS	0.133474576271186	0.243675224327019	-0.173038079249607	-1.35910073870076	62	45
HEVNER_SUBVENTRICULAR_ZONE_AND_UP_NEURON_FATE_COMMITTED_CELLS	0.397233201581028	0.51368400621118	-0.162703375523684	-1.00841032123371	200	27
HEVNER_VENTRICULAR_ZONE_AND_UP_NEURON_FATE_COMMITTED_CELLS	0.669980119284294	0.759077866568516	-0.206475179926507	-0.844869355188316	336	11
HEVNER_CORTICAL_PLATE_POSTMITOTIC_PROJECTION_NEURONS	0.731075697211155	0.804183266932271	-0.07190486378548	-0.784769559221889	366	90
HEVNER_INTERMEDIATE_ZONE_AND_UP_POSTMITOTIC_PROJECTION_NEURONS	0.88454011741683	0.921661105557824	0.0943457373363915	0.674424082238006	451	35
HEVNER_SUBVENTRICULAR_ZONE_AND_UP_PROJECTION_NEURON_FATE_COMMITTED_CELLS	0.813121272365805	0.870199982371779	-0.179767055873251	-0.735583214572305	408	11
HEVNER_VENTRICULAR_ZONE_AND_UP_PROJECTION_NEURON_FATE_COMMITTED_CELLS	0.872047244094488	0.913022957973627	0.237166308072356	0.663214079922363	442	5
HEVNER_CORTEX_RADIAL_GLIA_PROGENITORS	0.00202020202020202	0.0111521778188445	0.234260676333515	5.26522114262142	0	380
HEVNER_CORTEX_VASCULAR_ENDOTHELIAL_CELLS	0.959919839679359	0.970127187485494	0.10565364348246	0.559510488030499	478	19
HEVNER_CORTEX_COMMITTED_TO_CALLOSAL_PROJECTION_NEURON_FATE	0.498993963782696	0.614200785449239	0.205056224579313	0.956684768586767	247	15
HEVNER_CORTEX_COMMITTED_TO_CORTICOTHALAMIC_PROJECTION_NEURON_FATE	0.122244488977956	0.227962362493227	0.333601501743095	1.35255753310652	60	11
HEVNER_CORTEX_COMMITTED_TO_SUBCEREBRAL_PROJECTION_NEURON_FATE	0.0368098159509202	0.101226993865031	-0.550154075018595	-1.72136736094351	17	6
HEVNER_CORTEX_G1_S_PHASE	0.295275590551181	0.417906332555336	0.401386564666507	1.12244113989952	149	5
HEVNER_CORTEX_PROLIFERATING_CELLS	0.0020703933747412	0.0111521778188445	0.580589033442414	3.50494594059321	0	25
HEVNER_CORTEX_QUIESCENCE	0.0144329896907217	0.0503705543824784	-0.494964793410389	-1.82269665659263	6	9
HEVNER_CORTEX_S_PHASE	0.0116959064327485	0.0434782608695652	0.641669323132505	1.93928385164714	5	6
HEVNER_CORTEX_CAUDAL_CORTICAL_PLATE	0.0400801603206413	0.1081666438467	0.399317257724337	1.61899620419101	19	11
HEVNER_CORTEX_CAUDAL_INTERMEDIATE_ZONE	0.125984251968504	0.233237191042743	0.50214359709937	1.4041990468459	63	5
HEVNER_CORTEX_CAUDAL_SUBVENTRICULAR_ZONE	0.821073558648111	0.876551501800011	-0.119234453286177	-0.730541793215579	412	26
HEVNER_CORTEX_CAUDAL_VENTRICULAR_ZONE	0.904109589041096	0.9314622727666	0.0921137014594958	0.658468525682966	461	35
HEVNER_CORTEX_CORTICAL_HEM	0.309197651663405	0.430597370665864	0.326458632233381	1.14256235641615	157	8
HEVNER_CORTEX_ROSTRAL_CORTICAL_PLATE	0.308151093439364	0.429828732261328	-0.211617995927193	-1.10900144503141	154	19
HEVNER_CORTEX_ROSTRAL_INTERMEDIATE_ZONE	0.289370078740157	0.412910670648927	0.404972507769543	1.1324689046991	146	5
HEVNER_CORTEX_ROSTRAL_SUBVENTRICULAR_ZONE	0.57606490872211	0.683107998416437	-0.266495121201426	-0.890231875764986	283	7
HEVNER_CORTEX_ROSTRAL_VENTRICULAR_ZONE	0.0445344129554656	0.115179776363987	0.32218322342764	1.6452256823231	21	18
JARDIM_PERASSI_TRIPLE_NEGATIVE_BREAST_CANCER_MOUSE_XENOGRAFT_MELATONIN_UP	0.590551181102362	0.693198271293307	0.182046578401659	0.88176533270954	299	16
JARDIM_PERASSI_TRIPLE_NEGATIVE_BREAST_CANCER_MOUSE_XENOGRAFT_MELATONIN_DN	0.0157790927021696	0.0541977531944087	0.494929846938776	1.91531158950386	7	10
LAZARO_GENETIC_MOUSE_MODEL_HIGH_GRADE_LARGE_CELL_NEUROENDOCRINE_LUNG_CARCINOMA_UP	0.00200803212851406	0.0111521778188445	0.358861661805677	7.71737094554319	0	345
LAZARO_GENETIC_MOUSE_MODEL_HIGH_GRADE_LARGE_CELL_NEUROENDOCRINE_LUNG_CARCINOMA_DN	0.00201612903225806	0.0111521778188445	-0.134327999836521	-2.75277458436224	0	320
LAZARO_GENETIC_MOUSE_MODEL_HIGH_GRADE_SMALL_CELL_NEUROENDOCRINE_LUNG_CARCINOMA_UP	0.002	0.0111521778188445	0.21004938682648	5.63346015298222	0	540
LAZARO_GENETIC_MOUSE_MODEL_HIGH_GRADE_SMALL_CELL_NEUROENDOCRINE_LUNG_CARCINOMA_DN	0.00200400801603206	0.0111521778188445	-0.0753759733670432	-2.92308951381628	0	1243
ZEMEK_IMMUNE_CHECKPOINT_BLOCKADE_OVARIAN_CANCER_RENCA_UP	0.00206185567010309	0.0111521778188445	-0.375693469223175	-2.99952986848875	0	46
ZEMEK_IMMUNE_CHECKPOINT_BLOCKADE_OVARIAN_CANCER_RENCA_DN	0.990253411306043	0.994832617832314	0.161699075549888	0.488694713515883	507	6
ZEMEK_IMMUNE_CHECKPOINT_BLOCKADE_OVARIAN_CANCER_OVERLAP_UP	0.00211416490486258	0.0112024957458877	-0.396457379550905	-3.09387200953489	0	44
LANDIS_BREAST_CANCER_PROGRESSION_UP	0.0846456692913386	0.175553906000413	-0.210919000187935	-1.47458525142899	42	34
CHIARADONNA_NEOPLASTIC_TRANSFORMATION_KRAS_CDC25_UP	0.0921305182341651	0.18667672197084	0.170198043231687	1.4136313189932	47	49
CHIARADONNA_NEOPLASTIC_TRANSFORMATION_KRAS_CDC25_DN	0.0675675675675676	0.157416129265995	0.192513378924221	1.49767581701774	34	43
CHIARADONNA_NEOPLASTIC_TRANSFORMATION_KRAS_UP	0.0695825049701789	0.159544054931624	0.113561065719946	1.45042924778748	34	117
CHIARADONNA_NEOPLASTIC_TRANSFORMATION_CDC25_UP	0.0453648915187377	0.116633404525985	0.133320285421766	1.59724255727296	22	103
CASTELLANO_HRAS_TARGETS_DN	0.391732283464567	0.511076778683829	0.370021515658618	1.03473162378587	198	5
CASTELLANO_HRAS_AND_NRAS_TARGETS_DN	0.868884540117417	0.910809005261804	0.190937350549976	0.668255661306203	443	8
CASTELLANO_NRAS_TARGETS_DN	0.353057199211045	0.47271030174905	0.238755344010108	1.05099495021047	178	13
CHEBOTAEV_GR_TARGETS_UP	0.549295774647887	0.660218572847876	-0.0997812283229283	-0.912720420918885	272	60
CHEBOTAEV_GR_TARGETS_DN	0.023121387283237	0.0701438123040911	0.163382289671928	1.68736346226581	11	76
BERENJENO_ROCK_SIGNALING_NOT_VIA_RHOA_UP	0.451417004048583	0.564433635278012	0.178238023047725	0.981676071710403	222	21
BERENJENO_TRANSFORMED_BY_RHOA_REVERSIBLY_DN	0.00200400801603206	0.0111521778188445	0.384945970128708	2.50484388090212	0	29
LANDIS_ERBB2_BREAST_TUMORS_65_UP	0.577603143418468	0.683838053992709	0.167807563427477	0.91641658705202	293	20
LANDIS_ERBB2_BREAST_PRENEOPLASTIC_UP	0.701375245579568	0.784420963202889	-0.178765094554568	-0.814140478250603	356	14
GAUSSMANN_MLL_AF4_FUSION_TARGETS_A_UP	0.0189473684210526	0.0609824561403509	-0.128694809912019	-1.8723394696841	8	165
GAUSSMANN_MLL_AF4_FUSION_TARGETS_A_DN	0.0099601593625498	0.0389881913786296	0.209038191547806	1.8838588412217	4	59
GAUSSMANN_MLL_AF4_FUSION_TARGETS_B_UP	0.0221327967806841	0.0674856154470684	-0.341201807356108	-1.69621461217084	10	17
GAUSSMANN_MLL_AF4_FUSION_TARGETS_B_DN	0.257606490872211	0.379515441405844	-0.349417618326521	-1.1672360093716	126	7
GAUSSMANN_MLL_AF4_FUSION_TARGETS_C_UP	0.00408997955010225	0.0197859744990893	-0.147546997450071	-2.11913919230302	1	157
GAUSSMANN_MLL_AF4_FUSION_TARGETS_C_DN	0.0991902834008097	0.197245666533876	0.284070765085443	1.45060476254347	48	18
GAUSSMANN_MLL_AF4_FUSION_TARGETS_D_UP	0.0518962075848303	0.129591391928786	-0.276854270973204	-1.59897691768518	25	23
GAUSSMANN_MLL_AF4_FUSION_TARGETS_D_DN	0.207436399217221	0.329904316801321	0.353160369838993	1.23601493272071	105	8
GAUSSMANN_MLL_AF4_FUSION_TARGETS_E_UP	0.05078125	0.127909873188406	0.16515712570056	1.5760518830607	25	64
GAUSSMANN_MLL_AF4_FUSION_TARGETS_E_DN	0.0951417004048583	0.190502621317562	0.285063461674821	1.45567395859355	46	18
GAUSSMANN_MLL_AF4_FUSION_TARGETS_F_DN	0.942028985507246	0.959014070108918	0.101894804054593	0.615126637375783	454	25
GAUSSMANN_MLL_AF4_FUSION_TARGETS_G_DN	0.791497975708502	0.853364442792417	0.107620587765533	0.736965582811712	390	32
BERENJENO_TRANSFORMED_BY_RHOA_FOREVER_UP	0.80511811023622	0.864830207410724	-0.142744451535134	-0.736949066326395	408	18
LANDIS_ERBB2_BREAST_TUMORS_324_UP	0.170923379174853	0.286189627173308	0.0929807000435661	1.25816451645343	86	131
JOHANSSON_GLIOMAGENESIS_BY_PDGFB_DN	0.529292929292929	0.640606623336428	-0.211509326332706	-0.917524002956397	261	13
MCBRYAN_PUBERTAL_BREAST_3_4WK_DN	0.158762886597938	0.270844675898528	0.201301293309915	1.27987991708718	76	28
HUMMERICH_BENIGN_SKIN_TUMOR_UP	0.714285714285714	0.791727405247813	0.224155109198151	0.784513455858221	364	8
HUMMERICH_MALIGNANT_SKIN_TUMOR_UP	0.0802348336594912	0.172461697229499	0.427546628407461	1.49635707253036	40	8
LANG_MYB_FAMILY_TARGETS	0.445134575569358	0.557380325893044	0.166761912363317	1.00672154332268	214	25
DARWICHE_SKIN_TUMOR_PROMOTER_UP	0.00591715976331361	0.0268226433730477	0.169707583825684	2.03318027951129	2	103
DARWICHE_SKIN_TUMOR_PROMOTER_DN	0.612966601178782	0.713076273660457	0.0650410074013358	0.882048947632255	311	132
DARWICHE_PAPILLOMA_RISK_LOW_UP	0.0767716535433071	0.169765522361089	0.11922795944011	1.47686121138975	38	110
DARWICHE_PAPILLOMA_RISK_LOW_DN	0.552062868369352	0.661713976017885	0.0692895647276531	0.912306748818128	280	125
DARWICHE_PAPILLOMA_RISK_HIGH_UP	0.118343195266272	0.222597914905607	0.115714182118175	1.38631278484353	59	103
DARWICHE_PAPILLOMA_RISK_HIGH_DN	0.257367387033399	0.379515441405844	0.085661802374087	1.16169637671993	130	132
DARWICHE_SQUAMOUS_CELL_CARCINOMA_UP	0.092156862745098	0.18667672197084	0.118130781053724	1.44505854879371	46	107
DARWICHE_SQUAMOUS_CELL_CARCINOMA_DN	0.283433133732535	0.407787074856909	0.0836451794624176	1.1146634445319	141	128
DARWICHE_PAPILLOMA_PROGRESSION_RISK	0.6	0.70034877096447	-0.107525054640439	-0.877477560524529	287	48
RAMJAUN_APOPTOSIS_BY_TGFB1_VIA_SMAD4_UP	0.0909090909090909	0.185882352941176	-0.373054846938776	-1.45647667486264	44	10
RAMJAUN_APOPTOSIS_BY_TGFB1_VIA_SMAD4_DN	0.323017408123791	0.446977910285947	0.296700766130818	1.09577669628107	166	9
RAMJAUN_APOPTOSIS_BY_TGFB1_VIA_MAPK1_UP	0.233128834355828	0.355303970223325	-0.384364042078419	-1.20262985733905	113	6
RAMJAUN_APOPTOSIS_BY_TGFB1_VIA_MAPK1_DN	0.203522504892368	0.324515700461409	0.354176630001594	1.23957170987857	103	8
KONG_E2F1_TARGETS	0.251450676982592	0.373522458628842	0.311996811478677	1.15226812451706	129	9
RIZ_ERYTHROID_DIFFERENTIATION_HBZ	0.0439121756487026	0.114479041916168	0.279234455073158	1.62180784731795	21	23
RIZ_ERYTHROID_DIFFERENTIATION_HEMGN	0.0925196850393701	0.18697582860282	0.304623943212634	1.47548410410405	46	16
RIZ_ERYTHROID_DIFFERENTIATION_APOBEC2	0.631163708086785	0.726943185779017	-0.203449742199543	-0.860746441870787	319	12
RIZ_ERYTHROID_DIFFERENTIATION_6HR	0.669306930693069	0.759077866568516	0.165317718377133	0.825085745014969	337	17
RIZ_ERYTHROID_DIFFERENTIATION_12HR	0.94639175257732	0.961488479032339	0.0939474464542324	0.597320802073914	458	28
HUMMERICH_SKIN_CANCER_PROGRESSION_UP	0.00980392156862745	0.0389319474933919	0.206984159338419	1.98654893078593	4	66
RASHI_RESPONSE_TO_IONIZING_RADIATION_3	0.0374753451676529	0.102409040725441	0.213508682677333	1.62196069594888	18	41
RASHI_RESPONSE_TO_IONIZING_RADIATION_4	0.410901467505241	0.526656895666747	-0.134609237653828	-0.99934199534754	195	40
RASHI_RESPONSE_TO_IONIZING_RADIATION_5	0.865346534653465	0.908195819581958	0.0559706822361491	0.684515958592762	436	108
LA_MEN1_TARGETS	0.299212598425197	0.422369546621044	-0.20312090367145	-1.13359390223108	151	21
TERAMOTO_OPN_TARGETS_CLUSTER_1	0.841683366733467	0.889808814709711	0.174207997216847	0.706310786168168	419	11
TERAMOTO_OPN_TARGETS_CLUSTER_3	0.427165354330709	0.541418495531429	0.354530241453502	0.991411679851687	216	5
TERAMOTO_OPN_TARGETS_CLUSTER_4	0.0749506903353057	0.168300128944136	0.351296976685702	1.54640035410158	37	13
TERAMOTO_OPN_TARGETS_CLUSTER_5	0.242362525458248	0.364566503248712	-0.336900207237366	-1.17522031045258	118	8
TERAMOTO_OPN_TARGETS_CLUSTER_6	0.0479041916167665	0.121721469342018	0.277305326269113	1.61060336958949	23	23
TERAMOTO_OPN_TARGETS_CLUSTER_7	0.00196850393700787	0.0111521778188445	0.445226511405328	2.15651019869346	0	16
MARTORIATI_MDM4_TARGETS_NEUROEPITHELIUM_DN	0.0020703933747412	0.0111521778188445	-0.288967530221611	-2.90955586486568	0	76
BORLAK_LIVER_CANCER_EGF_UP	0.00945179584120983	0.0385615520470016	0.251435215463992	1.99027815446717	4	44
DAWSON_METHYLATED_IN_LYMPHOMA_TCL1	0.291015625	0.413899473199673	0.156658855692248	1.14208514591926	148	36
JOHANSSON_BRAIN_CANCER_EARLY_VS_LATE_DN	0.50880626223092	0.623143730537382	0.131471021190647	0.939811647146825	259	35
WIEMANN_TELOMERE_SHORTENING_AND_CHRONIC_LIVER_DAMAGE_UP	0.0136986301369863	0.0491722443172632	0.554399808703969	1.94032655070561	6	8
WANG_RESPONSE_TO_BEXAROTENE_UP	0.631578947368421	0.726943185779017	0.155938797764378	0.858859315195549	311	21
WANG_RESPONSE_TO_BEXAROTENE_DN	0.893360160965795	0.928418803418804	-0.132633287820991	-0.659359112442868	443	17
HOWLIN_PUBERTAL_MAMMARY_GLAND	0.0834990059642147	0.175275736198432	-0.205877843970039	-1.50621845759796	41	37
SHETH_LIVER_CANCER_VS_TXNIP_LOSS_PAM2	0.0862745098039216	0.178082064179591	0.104316836502606	1.44769437749892	43	139
SHETH_LIVER_CANCER_VS_TXNIP_LOSS_PAM3	0.00196463654223969	0.0111521778188445	0.327661548304543	2.72197862265347	0	50
SHETH_LIVER_CANCER_VS_TXNIP_LOSS_PAM5	0.863453815261044	0.907767844693394	0.0831940740740741	0.716203825121187	429	54
SHETH_LIVER_CANCER_VS_TXNIP_LOSS_PAM6	0.214876033057851	0.337886082302956	-0.155948346850121	-1.21016548410406	103	43
SCHMAHL_PDGF_SIGNALING	0.411530815109344	0.526686713298998	-0.24728026497938	-1.01183841127194	206	11
LIANG_HEMATOPOIESIS_STEM_CELL_NUMBER_LARGE_VS_TINY_UP	0.0809716599190283	0.172461697229499	0.214971649896183	1.47208550467027	39	32
LIANG_HEMATOPOIESIS_STEM_CELL_NUMBER_LARGE_VS_TINY_DN	0.960079840319361	0.970127187485494	0.0809621653803428	0.564355582784653	480	33
LIANG_HEMATOPOIESIS_STEM_CELL_NUMBER_SMALL_VS_HUGE_UP	0.636726546906188	0.729005756602736	-0.121458979217944	-0.840884161228186	318	33
LIANG_HEMATOPOIESIS_STEM_CELL_NUMBER_SMALL_VS_HUGE_DN	0.534274193548387	0.644839269713262	0.147760836592959	0.934297637363604	264	27
HUI_MAPK14_TARGETS_UP	0.12625250501002	0.233237191042743	0.329520993237807	1.33601347533432	62	11
KHETCHOUMIAN_TRIM24_TARGETS_UP	0.0177514792899408	0.0586541273876752	0.244253293647777	1.85551817933077	8	41
GALIE_TUMOR_STEMNESS_GENES	0.078740157480315	0.171062992125984	0.540553032114113	1.51160754981028	39	5
GROSS_ELK3_TARGETS_UP	0.00200400801603206	0.0111521778188445	0.368362560172905	2.27530781355561	0	26
GROSS_HIF1A_TARGETS_UP	0.423228346456693	0.538485260718691	0.356649932265519	0.997339203044327	214	5
GROSS_HYPOXIA_VIA_ELK3_ONLY_UP	0.385685884691849	0.504986613119143	-0.159878862963728	-1.03768457947535	193	29
INGRAM_SHH_TARGETS_UP	0.101391650099404	0.20070465589153	0.12174416073768	1.40770789010289	50	97
INGRAM_SHH_TARGETS_DN	0.126415094339623	0.233237191042743	0.169765768646574	1.36147298701836	66	45
MARTIN_NFKB_TARGETS_UP	0.0556660039761431	0.136264105507798	-0.246800192718012	-1.60184247903444	27	29
MARTIN_NFKB_TARGETS_DN	0.896281800391389	0.928418803418804	0.18210983580424	0.637360518542829	457	8
HASEGAWA_TUMORIGENESIS_BY_RET_C634R	0.050709939148073	0.127909873188406	-0.484270571223628	-1.61771478987918	24	7
RANKIN_ANGIOGENIC_TARGETS_OF_VHL_HIF2A_DN	0.685598377281947	0.772743177507149	-0.243814685354496	-0.814467460806263	337	7
WOTTON_RUNX_TARGETS_UP	0.00202429149797571	0.0111521778188445	0.409292349145572	2.09004763571709	0	18
WOTTON_RUNX_TARGETS_DN	0.137724550898204	0.249859362694236	0.230582936925121	1.33923736762645	68	23
FUJIWARA_PARK2_HEPATOCYTE_PROLIFERATION_UP	0.34251968503937	0.464351959905168	0.384843413817834	1.07617971829079	173	5
SCHAEFFER_PROSTATE_DEVELOPMENT_6HR_UP	0.00202839756592292	0.0111521778188445	-0.17894658577755	-2.3554305932966	0	131
SCHAEFFER_PROSTATE_DEVELOPMENT_12HR_DN	0.0100603621730382	0.0389972894864385	0.264352301442765	1.7900594554206	4	31
SCHAEFFER_PROSTATE_DEVELOPMENT_AND_CANCER_BOX1_UP	0.632612966601179	0.727170195736011	-0.18818637502848	-0.85704732094199	321	14
SCHAEFFER_PROSTATE_DEVELOPMENT_AND_CANCER_BOX1_DN	0.0185567010309278	0.0599471122523282	-0.473495416500598	-1.74363616171788	8	9
SCHAEFFER_PROSTATE_DEVELOPMENT_AND_CANCER_BOX2_UP	0.139059304703476	0.251755282890252	-0.427292530018064	-1.33694804446047	67	6
SCHAEFFER_PROSTATE_DEVELOPMENT_AND_CANCER_BOX2_DN	0.157170923379175	0.269923977107713	0.406710767514147	1.3241448697879	79	7
SCHAEFFER_PROSTATE_DEVELOPMENT_AND_CANCER_BOX4_UP	0.096969696969697	0.193716475095785	-0.366996173469388	-1.43282246781726	47	10
SCHAEFFER_PROSTATE_DEVELOPMENT_AND_CANCER_BOX4_DN	0.00598802395209581	0.0268226433730477	-0.307108300479437	-2.12617055830412	2	33
SCHAEFFER_PROSTATE_DEVELOPMENT_AND_CANCER_BOX5_UP	0.393814432989691	0.511417436954491	-0.285230946370843	-1.05035650864128	190	9
SCHAEFFER_PROSTATE_DEVELOPMENT_AND_CANCER_BOX5_DN	0.157170923379175	0.269923977107713	0.406710767514147	1.3241448697879	79	7
SCHAEFFER_PROSTATE_DEVELOPMENT_AND_CANCER_BOX6_UP	0.0465587044534413	0.118998571088354	-0.572826520041438	-1.62406925659404	22	5
SCHAEFFER_SOX9_TARGETS_IN_PROSTATE_DEVELOPMENT_UP	0.029585798816568	0.0845725630644659	0.393613562898309	1.73267689004255	14	13
SCHAEFFER_SOX9_TARGETS_IN_PROSTATE_DEVELOPMENT_DN	0.101391650099404	0.20070465589153	-0.198499770042472	-1.45223988993412	50	37
SCHAEFFER_PROSTATE_DEVELOPMENT_AND_CANCER_BOX3	0.216599190283401	0.337886082302956	-0.430249422264722	-1.21983678290058	106	5
HE_PTEN_TARGETS_UP	0.320792079207921	0.44460656591975	0.221311975376415	1.10454800536034	161	17
HE_PTEN_TARGETS_DN	0.572008113590264	0.679993229425361	-0.268977217092304	-0.898523362944203	281	7
PASQUALUCCI_LYMPHOMA_BY_GC_STAGE_DN	0.0829959514170041	0.175056994614992	-0.107069173075813	-1.46786119443339	40	141
STARK_PREFRONTAL_CORTEX_22Q11_DELETION_UP	0.00415800415800416	0.0197859744990893	-0.15123847018685	-2.20623648349138	1	166
STARK_HYPPOCAMPUS_22Q11_DELETION_UP	0.528541226215645	0.640589017547274	-0.118294455344815	-0.923145647305337	249	44
STARK_HYPPOCAMPUS_22Q11_DELETION_DN	0.0235756385068762	0.071136214800262	0.317647997446944	1.73471259434646	11	20
STARK_BRAIN_22Q11_DELETION	0.834343434343434	0.88420054200542	-0.177072704081633	-0.691325324857873	412	10
SHIN_B_CELL_LYMPHOMA_CLUSTER_2	0.600414078674948	0.70034877096447	0.147146619841967	0.88830638916687	289	25
SHIN_B_CELL_LYMPHOMA_CLUSTER_5	0.0804123711340206	0.172461697229499	-0.401231123510916	-1.47752453726116	38	9
SHIN_B_CELL_LYMPHOMA_CLUSTER_8	0.74749498997996	0.81913385408901	0.127572698693388	0.787993106566514	372	26
SHIN_B_CELL_LYMPHOMA_CLUSTER_9	0.184049079754601	0.301202731274479	-0.401657634682818	-1.25673947356185	89	6
MORI_PRE_BI_LYMPHOCYTE_DN	0.00204918032786885	0.0111521778188445	-0.342800037185089	-3.13473585580106	0	62
MORI_LARGE_PRE_BII_LYMPHOCYTE_DN	0.202783300198807	0.323931411530815	-0.171233068972144	-1.25275456583139	101	37
MORI_SMALL_PRE_BII_LYMPHOCYTE_UP	0.894117647058824	0.928418803418804	0.0751330080798269	0.673653453148018	455	58
MORI_SMALL_PRE_BII_LYMPHOCYTE_DN	0.0117647058823529	0.0434782608695652	0.197275571265228	1.94231570833724	5	69
MORI_IMMATURE_B_LYMPHOCYTE_UP	0.413173652694611	0.527236276345986	-0.146418259747866	-1.01368211991679	206	33
MORI_MATURE_B_LYMPHOCYTE_UP	0.0182926829268293	0.059536859413538	-0.189491002271271	-1.78981808523277	8	66
MORI_MATURE_B_LYMPHOCYTE_DN	0.00193050193050193	0.0111521778188445	0.317134596099346	3.10191404745866	0	67
MORI_PLASMA_CELL_UP	0.338983050847458	0.462082568183364	0.131921017847027	1.08087540369536	179	47
MORI_PLASMA_CELL_DN	0.00198807157057654	0.0111521778188445	-0.360576923076923	-2.20923151586513	0	26
MORI_EMU_MYC_LYMPHOMA_BY_ONSET_TIME_UP	0.00194552529182879	0.0111521778188445	0.228620636391721	2.76405685753592	0	104
MORI_EMU_MYC_LYMPHOMA_BY_ONSET_TIME_DN	0.788118811881188	0.850776704999693	-0.161341946460377	-0.758427512881389	397	15
LEE_TARGETS_OF_PTCH1_AND_SUFU_UP	0.0808678500986193	0.172461697229499	0.191744000873238	1.45662101044567	40	41
LEE_TARGETS_OF_PTCH1_AND_SUFU_DN	0.00959692898272553	0.0387894478418069	0.238585382173661	1.98164304413023	4	49
ZEILSTRA_CD44_TARGETS_UP	0.068762278978389	0.159017713365539	0.47311252547564	1.54033178730429	34	7
ZEILSTRA_CD44_TARGETS_DN	0.509127789046653	0.623143730537382	-0.287820651493242	-0.961470203685511	250	7
BYSTROEM_CORRELATED_WITH_IL5_DN	0.0202839756592292	0.0634056649203963	-0.212623160588612	-1.7851843000076	9	50
LEI_HOXC8_TARGETS_UP	0.179487179487179	0.295487451737452	0.330580357142857	1.27930128525137	90	10
BYSTRYKH_HEMATOPOIESIS_STEM_CELL_QTL_CIS	0.029585798816568	0.0845725630644659	0.125502232447078	1.61926921336632	14	118
LEI_HOXC8_TARGETS_DN	0.00202839756592292	0.0111521778188445	0.584324447482342	2.66196235524148	0	14
CHESLER_BRAIN_QTL_CIS	0.511904761904762	0.625661375661376	0.100310954045643	0.948634314738587	257	63
BYSTRYKH_HEMATOPOIESIS_STEM_CELL_AND_BRAIN_QTL_TRANS	0.283400809716599	0.407787074856909	-0.0869260911101915	-1.12786465965601	139	126
GOLDRATH_HOMEOSTATIC_PROLIFERATION	0.365269461077844	0.484609407139919	0.0765759856383346	1.06314913840073	182	140
BYSTRYKH_HEMATOPOIESIS_STEM_CELL_AND_BRAIN_QTL_CIS	0.158203125	0.270844675898528	0.136541733386709	1.30298256952389	80	64
CHESLER_BRAIN_QTL_TRANS	0.230314960629921	0.352365670400355	0.436210056578213	1.21982187806431	116	5
CHESLER_BRAIN_HIGHEST_GENETIC_VARIANCE	0.0978043912175649	0.194935816440513	0.205577054790376	1.43299722800576	48	33
CHESLER_BRAIN_HIGHEST_EXPRESSION	0.384928716904277	0.504986613119143	-0.146814556160351	-1.03875902061834	188	35
BYSTROEM_CORRELATED_WITH_IL5_UP	0.989939637826962	0.994832617832314	0.0801055090890825	0.542433802140511	491	31
BYSTRYKH_HEMATOPOIESIS_STEM_CELL_FLI1	0.832358674463938	0.88420054200542	0.2355488258421	0.711886976301188	426	6
GOLDRATH_IMMUNE_MEMORY	0.044	0.114479041916168	-0.186021191962143	-1.64432130762495	21	56
YAO_HOXA10_TARGETS_VIA_PROGESTERONE_UP	0.0252918287937743	0.0750122840334126	0.187451581915652	1.75239915483944	12	62
ABBUD_LIF_SIGNALING_1_DN	0.247464503042596	0.370770091627614	-0.220911121748843	-1.18920408106079	121	20
SANSOM_APC_TARGETS_UP	0.078740157480315	0.171062992125984	0.120463391861086	1.46203585040392	39	106
MA_MYELOID_DIFFERENTIATION_DN	0.24248496993988	0.364566503248712	0.180772248606236	1.17628523454045	120	29
GUO_HEX_TARGETS_UP	0.0264227642276423	0.0774685072037414	-0.182594684836837	-1.72467961682156	12	66
WANG_IMMORTALIZED_BY_HOXA9_AND_MEIS1_DN	0.200787401574803	0.321926664148531	-0.240587109125718	-1.2420829218481	101	18
WANG_TARGETS_OF_MLL_CBP_FUSION_UP	0.416326530612245	0.530480579328506	-0.140721805045179	-1.0100717861004	203	36
GUO_HEX_TARGETS_DN	0.802395209580838	0.862972075650679	0.0892595646235065	0.757733760238247	401	52
WANG_IMMORTALIZED_BY_HOXA9_AND_MEIS1_UP	0.112204724409449	0.214721373301255	-0.271529107282139	-1.40182767133866	56	18
NADLER_HYPERGLYCEMIA_AT_OBESITY	0.053639846743295	0.13242337164751	0.182825577056346	1.49680122842043	27	48
YU_MYC_TARGETS_DN	0.0244897959183673	0.0731327582579424	-0.261942802364595	-1.88017083888035	11	36
NUMATA_CSF3_SIGNALING_VIA_STAT3	0.177062374245473	0.294201153383013	0.270569157561741	1.26233374490201	87	15
WANG_TARGETS_OF_MLL_CBP_FUSION_DN	0.0598455598455598	0.143543754762323	0.193989289425306	1.50915780064874	30	43
GREENBAUM_E2A_TARGETS_DN	0.373225152129817	0.493657012482209	-0.196026807084729	-1.05524736435637	183	20
ABBUD_LIF_SIGNALING_1_UP	0.0216535433070866	0.0666220614576146	-0.274636639514455	-1.88335807263898	10	32
YAO_HOXA10_TARGETS_VIA_PROGESTERONE_DN	0.569072164948454	0.677429741561926	-0.242841326779151	-0.894257693265635	275	9
MARCINIAK_ER_STRESS_RESPONSE_VIA_CHOP	0.192384769539078	0.312490401363475	0.235668549115109	1.2480310246066	95	19
LIAN_NEUTROPHIL_GRANULE_CONSTITUENTS	0.936883629191322	0.956700204191843	0.153922193877551	0.595658078895377	474	10
MA_MYELOID_DIFFERENTIATION_UP	0.30241935483871	0.425246633260257	0.171122112211221	1.13333422123057	149	30
XU_CREBBP_TARGETS_UP	0.173652694610778	0.289643362028343	0.225611525404057	1.28141445148408	86	22
XU_CREBBP_TARGETS_DN	0.105367793240557	0.205975795975112	-0.215131117076192	-1.39629616208815	52	29
IGLESIAS_E2F_TARGETS_DN	0.665991902834008	0.757522203616169	-0.295991712487051	-0.839191314714386	328	5
HANSON_HRAS_SIGNALING_VIA_NFKB	0.158953722334004	0.270844675898528	0.280059547544993	1.30661092577546	78	15
BRUNO_HEMATOPOIESIS	0.0298804780876494	0.085134870354647	0.191004846489724	1.68206451362726	14	56
LEE_AGING_NEOCORTEX_DN	0.590733590733591	0.693198271293307	0.113710167610642	0.884618872366935	305	43
MCCLUNG_DELTA_FOSB_TARGETS_8WK	0.682445759368836	0.770188785573401	0.109217145875606	0.829689526967214	345	41
MODY_HIPPOCAMPUS_POSTNATAL	0.00386100386100386	0.0197747183979975	0.279235203253695	2.17233635142683	1	43
SCHLINGEMANN_SKIN_CARCINOGENESIS_TPA_UP	0.948616600790514	0.961488479032339	-0.101082402750799	-0.626493076132714	479	27
JIANG_AGING_CEREBRAL_CORTEX_UP	0.842741935483871	0.889845372947125	0.106653891195571	0.706364029507438	417	30
RUAN_RESPONSE_TO_TNF_UP	0.00606060606060606	0.0268973628822583	-0.556297831632653	-2.17189194215884	2	10
LEE_CALORIE_RESTRICTION_NEOCORTEX_UP	0.995833333333333	0.998257080610022	-0.0579888320272936	-0.473228300465697	477	48
HU_GENOTOXIN_ACTION_DIRECT_VS_INDIRECT_4HR	0.897177419354839	0.928418803418804	0.100191632066432	0.663564771580604	444	30
MCCLUNG_CREB1_TARGETS_DN	0.456565656565657	0.569233221743982	-0.126448006268603	-0.960115620963849	225	41
VIETOR_IFRD1_TARGETS	0.00202429149797571	0.0111521778188445	0.406617957164514	2.23951720317997	0	21
JIANG_AGING_HYPOTHALAMUS_DN	0.328657314629259	0.45190380761523	0.167061738591782	1.08707092973224	163	29
MODY_HIPPOCAMPUS_NEONATAL	0.00200400801603206	0.0111521778188445	0.32382682910042	2.10714155826314	0	29
MCCLUNG_COCAINE_REWARD_5D	0.929718875502008	0.951620380225259	0.0732977777777778	0.631008270740363	462	54
DELASERNA_MYOD_TARGETS_DN	0.0366795366795367	0.101188944046087	0.195433880182482	1.65396240119788	18	51
YAMAZAKI_TCEB3_TARGETS_UP	0.248062015503876	0.371025630762252	0.0818225413558085	1.18161093964949	127	152
HU_GENOTOXIN_ACTION_DIRECT_VS_INDIRECT_24HR	0.826415094339623	0.880091564927858	0.0892210941455486	0.715527697484598	437	45
LEE_AGING_CEREBELLUM_DN	0.976645435244161	0.985719957290565	-0.0693569048141551	-0.553855518741496	459	47
MCCLUNG_DELTA_FOSB_TARGETS_2WK	0.00806451612903226	0.0335748092340384	0.271361652294262	1.79721628549761	3	30
CUI_TCF21_TARGETS_DN	0.35645472061657	0.474363173377947	-0.171595498443611	-1.04114743072798	184	25
SIMBULAN_PARP1_TARGETS_UP	0.758064516129032	0.82654713239163	0.121311300923339	0.767056173012906	375	27
ULE_SPLICING_VIA_NOVA2	0.704950495049505	0.785676584159791	-0.117358254360364	-0.785660171756753	355	31
IVANOVA_HEMATOPOIESIS_STEM_CELL	0.00407331975560081	0.0197859744990893	-0.155107723635642	-2.13345037328192	1	143
BURTON_ADIPOGENESIS_12	0.00199600798403194	0.0111521778188445	-0.411016159518675	-2.84554489732638	0	33
LEE_CALORIE_RESTRICTION_MUSCLE_UP	0.201612903225806	0.322654904057506	0.199447711461761	1.26111579964606	99	27
LEE_AGING_MUSCLE_DN	0.366396761133603	0.48536400217241	0.155431440664431	1.0643653285567	180	32
GERHOLD_ADIPOGENESIS_DN	0.0118577075098814	0.0434782608695652	0.210319950472324	1.87169770627331	5	57
RUAN_RESPONSE_TO_TNF_TROGLITAZONE_UP	0.00196463654223969	0.0111521778188445	-0.542173615857826	-2.46919281423035	0	14
BURTON_ADIPOGENESIS_2	0.0193798449612403	0.0621442260934237	0.181977932931943	1.78729995709399	9	68
PAL_PRMT5_TARGETS_DN	0.261386138613861	0.383690125769334	0.233816139521135	1.16695515500173	131	17
CHEN_ETV5_TARGETS_SERTOLI	0.157057654075547	0.269923977107713	-0.321860074072463	-1.31700920827025	78	11
IVANOVA_HEMATOPOIESIS_STEM_CELL_SHORT_TERM	0.172064777327935	0.287546714419184	-0.264545780826288	-1.27395949586019	84	16
SARTIPY_NORMAL_AT_INSULIN_RESISTANCE_UP	0.290721649484536	0.413899473199673	0.1799913323145	1.14439051876546	140	28
MULLIGAN_NTF3_SIGNALING_VIA_INSR_AND_IGF1R_UP	0.0323886639676113	0.0908252537610742	0.302557438837659	1.66638629034493	15	21
CHEN_PDGF_TARGETS	0.124752475247525	0.231645087585682	0.276959024815957	1.38227738425224	62	17
MCCLUNG_CREB1_TARGETS_UP	0.178926441351889	0.295487451737452	0.126225568727972	1.24821615015559	89	70
TSENG_IRS1_TARGETS_DN	0.455445544554455	0.568652554910663	0.0805955803143655	0.985676048836806	229	108
MCCLUNG_COCAIN_REWARD_4WK	0.223552894211577	0.34567164603178	0.139199266578886	1.18167710241607	111	52
IVANOVA_HEMATOPOIESIS_INTERMEDIATE_PROGENITOR	0.0177165354330709	0.0586541273876752	0.13049514409347	1.72972142254002	8	126
LEE_CALORIE_RESTRICTION_NEOCORTEX_DN	0.0463320463320463	0.11876857894557	0.189791312830019	1.60620919567135	23	51
BURTON_ADIPOGENESIS_7	0.170212765957447	0.285549987677647	0.159894189457877	1.28073990993401	87	46
RAMPON_ENRICHED_LEARNING_ENVIRONMENT_EARLY_UP	0.568588469184891	0.677429741561926	-0.22300739999855	-0.912517031374239	285	11
SARTIPY_BLUNTED_BY_INSULIN_RESISTANCE_DN	0.332677165354331	0.455988102039296	-0.211267106289442	-1.0907120735769	168	18
TSENG_IRS1_TARGETS_UP	0.00196463654223969	0.0111521778188445	0.291916259690584	3.36992493614619	0	94
TSENG_ADIPOGENIC_POTENTIAL_DN	0.220440881763527	0.342077011165188	0.165420433615688	1.20914864252725	109	37
ZAMORA_NOS2_TARGETS_DN	0.0173745173745174	0.0582951953608324	0.187770206387778	1.83659256370125	8	67
BURTON_ADIPOGENESIS_PEAK_AT_8HR	0.0781563126252505	0.171062992125984	0.202312962479136	1.47881636264865	38	37
SAFFORD_T_LYMPHOCYTE_ANERGY	0.669354838709677	0.759077866568516	-0.0902315132539796	-0.826769392868308	331	61
MCDOWELL_ACUTE_LUNG_INJURY_DN	0.041015625	0.110007957175926	0.220238412241927	1.60559719443167	20	36
RAMPON_ENRICHED_LEARNING_ENVIRONMENT_LATE_UP	0.0161943319838057	0.0547582665133351	0.353311352194568	1.80418118703613	7	18
SARTIPY_NORMAL_AT_INSULIN_RESISTANCE_DN	0.00202429149797571	0.0111521778188445	-0.505812330515234	-2.43581439692733	0	16
HAN_JNK_SINGALING_DN	0.073558648111332	0.166032377165578	-0.232181154931516	-1.50695845373801	36	29
LEE_CALORIE_RESTRICTION_MUSCLE_DN	0.272189349112426	0.395262284196547	0.152003867197627	1.15472726980091	137	41
LEE_AGING_MUSCLE_UP	0.28659793814433	0.410690097016291	0.181017768755275	1.15091663375019	138	28
CARDOSO_RESPONSE_TO_GAMMA_RADIATION_AND_3AB	0.183431952662722	0.300759182762086	0.287322198573295	1.26478500841898	92	13
MULLIGAN_NTF3_SIGNALING_VIA_INSR_AND_IGF1R_DN	0.198807157057654	0.31993225830204	-0.3049654642575	-1.24787868078696	99	11
CHEN_ETV5_TARGETS_TESTIS	0.809055118110236	0.866916026680389	0.148478624980061	0.719174759038509	410	16
JIANG_AGING_CEREBRAL_CORTEX_DN	0.216962524654832	0.337886082302956	0.162135769044097	1.23169625468768	109	41
JIANG_AGING_HYPOTHALAMUS_UP	0.155009451795841	0.268972988416805	0.167473294091999	1.32566330485117	81	44
TSENG_ADIPOGENIC_POTENTIAL_UP	0.0534653465346535	0.132368621477532	0.261598829475924	1.54784705806295	26	24
DURCHDEWALD_SKIN_CARCINOGENESIS_UP	0.0218253968253968	0.0667826402861614	0.190046674875752	1.79725932132071	10	63
CLASPER_LYMPHATIC_VESSELS_DURING_METASTASIS_UP	0.0161943319838057	0.0547582665133351	0.3547383535418	1.81146815635811	7	18
TUOMISTO_TUMOR_SUPPRESSION_BY_COL13A1_UP	0.0247422680412371	0.0736336675610789	-0.462043310747974	-1.70146404130821	11	9
TUOMISTO_TUMOR_SUPPRESSION_BY_COL13A1_DN	0.182555780933063	0.299888418961875	-0.380273030547997	-1.27030908393894	89	7
HOWLIN_CITED1_TARGETS_1_UP	0.0308285163776493	0.0875489566411022	-0.293948439620081	-1.78351801447471	15	25
HOWLIN_CITED1_TARGETS_1_DN	0.673228346456693	0.761764886811024	-0.117493211946973	-0.805725665708083	341	32
HOWLIN_CITED1_TARGETS_2_UP	0.444444444444444	0.557319223985891	-0.227542890089736	-0.987077340651146	219	13
HOWLIN_CITED1_TARGETS_2_DN	0.388560157790927	0.507757559579422	-0.244830702174029	-1.03581923220296	196	12
LEIN_NEURON_MARKERS	0.155136268343816	0.268972988416805	-0.180074316765223	-1.33687576100678	73	40
LEIN_ASTROCYTE_MARKERS	0.503105590062112	0.617512369723129	0.158256844121638	0.955377472575434	242	25
LEIN_OLIGODENDROCYTE_MARKERS	0.0359281437125748	0.0996305732484076	0.187644102437286	1.63851562310261	17	55
LEIN_MIDBRAIN_MARKERS	0.0921305182341651	0.18667672197084	0.173076891692303	1.43754246549811	47	49
LEIN_PONS_MARKERS	0.179282868525896	0.295487451737452	0.141634090025833	1.247286030332	89	56
LEIN_MEDULLA_MARKERS	0.335907335907336	0.458967727835652	0.127708957693291	1.080804485505	173	51
LEIN_CEREBELLUM_MARKERS	0.407185628742515	0.522758135988946	0.1171279156878	1.02276552933524	203	55
LEIN_LOCALIZED_TO_DISTAL_AND_PROXIMAL_DENDRITES	0.0141414141414141	0.0497525865946919	0.446539626853771	1.89448358977519	6	12
LEIN_LOCALIZED_TO_PROXIMAL_DENDRITES	0.0139720558882236	0.0493565714100255	0.32061010433256	1.8621197122674	6	23
GAVIN_FOXP3_TARGETS_CLUSTER_T7	0.0137524557956778	0.0491722443172632	0.164080803251255	1.89417331876405	6	94
GAVIN_FOXP3_TARGETS_CLUSTER_P2	0.0753968253968254	0.168431468560003	-0.171635555555556	-1.49847628694559	37	54
GAVIN_FOXP3_TARGETS_CLUSTER_P3	0.00201207243460765	0.0111521778188445	-0.185405998116977	-2.26911511720967	0	112
GAVIN_PDE3B_TARGETS	0.0397614314115308	0.107640759802555	-0.399339001108913	-1.6340428156475	19	11
MARSON_FOXP3_TARGETS_STIMULATED_UP	0.149797570850202	0.263510301758757	-0.268832748444728	-1.29460402509402	73	16
MARSON_FOXP3_TARGETS_STIMULATED_DN	0.117525773195876	0.221539906523246	-0.378574908108587	-1.39409353648162	56	9
MARSON_FOXP3_CORE_DIRECT_TARGETS	0.20990099009901	0.332853942328539	-0.254608288805593	-1.19684890057549	105	15
ZHENG_FOXP3_TARGETS_IN_THYMUS_DN	0.99803536345776	0.999185173784325	0.142925457422947	0.465328253700834	507	7
ZHENG_FOXP3_TARGETS_IN_T_LYMPHOCYTE_UP	0.983838383838384	0.99067851165186	-0.132318239795918	-0.516595432288447	486	10
ZHENG_FOXP3_TARGETS_IN_T_LYMPHOCYTE_DN	0.0395256916996047	0.107336956521739	-0.266192909613542	-1.75446140502891	19	30
ZHENG_FOXP3_TARGETS_DN	0.0728744939271255	0.165251014198783	-0.542848035700056	-1.53907470226614	35	5
SANSOM_APC_TARGETS	0.00569259962049336	0.0268226433730477	0.139109718543087	2.1083260847071	2	165
SANSOM_APC_MYC_TARGETS	0.00198019801980198	0.0111521778188445	0.220250011055913	3.83297098508663	0	220
SANSOM_APC_TARGETS_REQUIRE_MYC	0.00197628458498024	0.0111521778188445	0.280984537110737	4.72911468472018	0	205
SANSOM_WNT_PATHWAY_REQUIRE_MYC	0.0767754318618042	0.169765522361089	0.178140988502558	1.47960385302913	39	49
WANG_LSD1_TARGETS_UP	0.0648330058939096	0.153097505765781	0.277971916387426	1.51803690911803	32	20
WANG_LSD1_TARGETS_DN	0.904665314401623	0.9314622727666	-0.119985639061752	-0.645904155985164	445	20
GAZIN_EPIGENETIC_SILENCING_BY_KRAS	0.165009940357853	0.278975949748977	-0.247412508135116	-1.29658551881896	82	19
JEPSEN_SMRT_TARGETS	0.127835051546392	0.235357330071641	0.208474943545996	1.32549020959152	61	28
ZHANG_GATA6_TARGETS_UP	0.75049115913556	0.821381381975821	0.232793268738116	0.757914560277802	381	7
MCGOWAN_RSP6_TARGETS_UP	0.266401590457256	0.389080642197237	-0.277518065128685	-1.13556752352431	133	11
STEARMAN_LUNG_CANCER_EARLY_VS_LATE_UP	0.00200803212851406	0.0111521778188445	-0.185329427307714	-2.34579532173616	0	119
COATES_MACROPHAGE_M1_VS_M2_UP	0.0786290322580645	0.171062992125984	-0.152845616517337	-1.4898402155391	38	71
COATES_MACROPHAGE_M1_VS_M2_DN	0.0753968253968254	0.168431468560003	0.156794797015756	1.48279842652018	37	63
IWANAGA_CARCINOGENESIS_BY_KRAS_PTEN_UP	0.147773279352227	0.261006056416839	-0.104671479148467	-1.35811078926607	72	126
IWANAGA_CARCINOGENESIS_BY_KRAS_UP	0.0182186234817814	0.059536859413538	-0.14103713580701	-1.82995461022383	8	126
IWANAGA_CARCINOGENESIS_BY_KRAS_DN	0.278884462151394	0.403245586704762	-0.105862363585223	-1.15967538068444	139	91
POS_RESPONSE_TO_HISTAMINE_DN	0.258382642998028	0.37992304021199	0.303890306122449	1.17601439649326	130	10
POS_HISTAMINE_RESPONSE_NETWORK	0.106212424849699	0.206947527341679	0.21583591437814	1.40444454900576	52	29
OUYANG_PROSTATE_CANCER_PROGRESSION_DN	0.0688259109311741	0.159017713365539	0.30333085159186	1.54895621805071	33	18
OUYANG_PROSTATE_CANCER_MARKERS	0.718623481781376	0.795520771551613	0.156278805927817	0.798036292454494	354	18
WORSCHECH_TUMOR_REJECTION_DN	0.0599613152804642	0.143543754762323	0.426464726982862	1.57502158052281	30	9
NADELLA_PRKAR1A_TARGETS_DN	0.596491228070175	0.698586087861162	0.290457974710445	0.877836043631126	305	6
ZHANG_BREAST_CANCER_PROGENITORS_DN	0.6285140562249	0.726943185779017	-0.0689602740975763	-0.872860239810412	312	119
ZHENG_GLIOBLASTOMA_PLASTICITY_DN	0.0325047801147228	0.0908252537610742	0.221059856377475	1.66195891964268	16	39
ZHENG_IL22_SIGNALING_UP	0.0928853754940712	0.187279330172501	-0.230917514465052	-1.43119098906646	46	27
ZHENG_IL22_SIGNALING_DN	0.352705410821643	0.47271030174905	0.176054867865213	1.08745855246579	175	26
MATZUK_MALE_REPRODUCTION_SERTOLI	0.78019801980198	0.844323884443239	0.150383101314228	0.750548425199375	393	17
MATZUK_SPERMATOGONIA	0.519269776876268	0.631996409111312	0.204704944178628	0.932558714055488	255	14
LIN_TUMOR_ESCAPE_FROM_IMMUNE_ATTACK	0.0844793713163065	0.175553906000413	-0.312918660287081	-1.42510901456714	42	14
LIN_NPAS4_TARGETS_UP	0.323886639676113	0.447468187406268	-0.0807658180367985	-1.10725624124266	159	141
CADWELL_ATG16L1_TARGETS_DN	0.392276422764228	0.511076778683829	-0.117507947370745	-1.04342055148311	192	58
BREDEMEYER_RAG_SIGNALING_NOT_VIA_ATM_UP	0.154989384288747	0.268972988416805	-0.167441551879883	-1.33711888994774	72	47
BREDEMEYER_RAG_SIGNALING_NOT_VIA_ATM_DN	0.0578512396694215	0.140035452013168	-0.183381870703972	-1.53889930913573	27	51
BREDEMEYER_RAG_SIGNALING_VIA_ATM_NOT_VIA_NFKB_UP	0.0268041237113402	0.0779022859704168	-0.218298549797695	-1.74289167634424	12	46
BREDEMEYER_RAG_SIGNALING_VIA_ATM_NOT_VIA_NFKB_DN	0.65173116089613	0.743247216297556	-0.118487327833122	-0.838334997799477	319	35
MATTHEWS_SKIN_CARCINOGENESIS_VIA_JUN	0.155555555555556	0.268972988416805	0.311818954977941	1.32291930583802	76	12
MATTHEWS_AP1_TARGETS	0.0324543610547667	0.0908252537610742	0.375279106858054	1.70963042787111	15	14
QI_PLASMACYTOMA_DN	0.00202020202020202	0.0111521778188445	0.262826780769411	2.79471579417405	0	82
KRISHNAN_FURIN_TARGETS_DN	0.257668711656442	0.379515441405844	-0.377855700775688	-1.1822660232767	125	6
YAUCH_HEDGEHOG_SIGNALING_PARACRINE_UP	0.394308943089431	0.511417436954491	-0.101236425218471	-1.03343673393068	193	78
WANG_TUMOR_INVASIVENESS_DN	0.688755020080321	0.774292512871668	-0.0511009112742995	-0.825159698599762	342	199
WANG_NEOPLASTIC_TRANSFORMATION_BY_CCND1_MYC	0.0781563126252505	0.171062992125984	0.284554825436147	1.50691830403032	38	19
SASAI_TARGETS_OF_CXCR6_AND_PTCH1_UP	0.0202020202020202	0.0634056649203963	-0.452407525510204	-1.76628453924385	9	10
BOYLAN_MULTIPLE_MYELOMA_C_CLUSTER_UP	0.647524752475248	0.739420512353469	-0.125106578089863	-0.83753167738986	326	31
BOYLAN_MULTIPLE_MYELOMA_C_CLUSTER_DN	0.00385356454720617	0.0197747183979975	-0.346441056748344	-2.10201444329121	1	25
BOYLAN_MULTIPLE_MYELOMA_D_CLUSTER_UP	0.224696356275304	0.346822617412502	0.219785480616886	1.21050572454563	110	21
BOYLAN_MULTIPLE_MYELOMA_D_CLUSTER_DN	0.400402414486922	0.515481034354274	0.153578061528079	1.03995259236669	198	31
BOYLAN_MULTIPLE_MYELOMA_D_UP	0.605882352941176	0.705779845450244	0.0846589554508759	0.885055815762141	308	78
BOYLAN_MULTIPLE_MYELOMA_D_DN	0.233870967741935	0.355303970223325	-0.1319086229272	-1.20864660425947	115	61
BOYLAN_MULTIPLE_MYELOMA_C_D_UP	0.0939334637964775	0.188651270207852	0.107713276473123	1.4065974650903	47	123
BOYLAN_MULTIPLE_MYELOMA_C_UP	0.995959595959596	0.998257080610022	-0.061493120325593	-0.466915273310018	492	41
BOYLAN_MULTIPLE_MYELOMA_C_DN	0.0826446280991736	0.174740101747401	-0.175416723515768	-1.4720575899514	39	51
LUDWICZEK_TREATING_IRON_OVERLOAD	0.0879345603271984	0.181078514038709	-0.478084156837743	-1.49586906783681	42	6
SEKI_INFLAMMATORY_RESPONSE_LPS_DN	0.18503937007874	0.302254159019596	0.260179055670761	1.26020974193433	93	16
PIONTEK_PKD1_TARGETS_UP	0.732793522267207	0.805053819026805	0.142716561610681	0.786035612235641	361	21
MARSHALL_VIRAL_INFECTION_RESPONSE_UP	0.216494845360825	0.337886082302956	-0.330747088260042	-1.21796867166163	104	9
MARSHALL_VIRAL_INFECTION_RESPONSE_DN	0.155206286836935	0.268972988416805	0.238152225945428	1.30057695637821	78	20
SCHRAETS_MLL_TARGETS_UP	0.13508064516129	0.246090315817948	0.213754586389695	1.35157873794173	66	27
VANASSE_BCL2_TARGETS_UP	0.894736842105263	0.928418803418804	0.128137630291427	0.654333636570702	441	18
VANASSE_BCL2_TARGETS_DN	0.00811359026369168	0.0335748092340384	-0.276526915113872	-2.13379879157858	3	42
HOFFMANN_PRE_BI_TO_LARGE_PRE_BII_LYMPHOCYTE_UP	0.320235756385069	0.444544524438698	0.200622307324079	1.09562171340323	162	20
HOFFMANN_PRE_BI_TO_LARGE_PRE_BII_LYMPHOCYTE_DN	0.588	0.692373983739837	-0.0974220196553198	-0.881377182435406	293	59
HOFFMANN_LARGE_TO_SMALL_PRE_BII_LYMPHOCYTE_DN	0.305785123966942	0.428592375366569	-0.14143274848366	-1.09752385321142	147	43
HOFFMANN_SMALL_PRE_BII_TO_IMMATURE_B_LYMPHOCYTE_UP	0.706114398422091	0.785676584159791	0.105558511830623	0.801895993948271	357	41
HOFFMANN_SMALL_PRE_BII_TO_IMMATURE_B_LYMPHOCYTE_DN	0.158415841584158	0.270844675898528	0.21693934557063	1.2836025623368	79	24
HOFFMANN_IMMATURE_TO_MATURE_B_LYMPHOCYTE_UP	0.583815028901734	0.689314212113596	-0.146217575225477	-0.887168102625413	302	25
HOFFMANN_IMMATURE_TO_MATURE_B_LYMPHOCYTE_DN	0.0439121756487026	0.114479041916168	0.227874141139855	1.5884214944152	21	33
MCMURRAY_TP53_HRAS_COOPERATION_RESPONSE_UP	0.0182186234817814	0.059536859413538	0.326938786365899	1.80067068744083	8	21
MCMURRAY_TP53_HRAS_COOPERATION_RESPONSE_DN	0.147169811320755	0.26046958459824	0.164811113775859	1.32173806978354	77	45
MIKKELSEN_PLURIPOTENT_STATE_UP	0.633603238866397	0.727346386492601	-0.303625786915292	-0.860835329346531	312	5
MIKKELSEN_PLURIPOTENT_STATE_DN	0.515274949083503	0.628013928125616	-0.273035230352303	-0.952437966157284	252	8
MIKKELSEN_DEDIFFERENTIATED_STATE_UP	0.783464566929134	0.846804364006738	0.262857598214997	0.7350574437309	397	5
ELLWOOD_MYC_TARGETS_UP	0.317171717171717	0.440995555555556	0.260032955934726	1.10321265615335	156	12
ELLWOOD_MYC_TARGETS_DN	0.53027139874739	0.640898255231547	-0.1245561736173	-0.918968650109764	253	39
MEISSNER_ES_ICP_WITH_H3K4ME3	0.708582834331337	0.78741493994109	0.139088104977916	0.807830753058993	354	23
MEISSNER_NPC_HCP_WITH_H3K27ME3	0.824561403508772	0.879194919814875	0.237461481245351	0.717667495337355	422	6
MEISSNER_NPC_ICP_WITH_H3K4ME3	0.399602385685885	0.51521435187097	-0.198186131463481	-1.03861065886761	200	19
MEISSNER_NPC_HCP_WITH_H3K4ME3_AND_H3K27ME3	0.58130081300813	0.687279464631381	-0.10114409024681	-0.89811646604303	285	58
MEISSNER_NPC_HCP_WITH_H3_UNMETHYLATED	0.00205338809034908	0.0111521778188445	0.154917978650507	2.77910570846371	0	236
MEISSNER_NPC_ICP_WITH_H3_UNMETHYLATED	0.101761252446184	0.200978473581213	0.409672405547585	1.43379963898917	51	8
MEISSNER_BRAIN_HCP_WITH_H3K27ME3	0.00197628458498024	0.0111521778188445	0.497661940085112	3.6927135601701	0	38
MEISSNER_BRAIN_ICP_WITH_H3K4ME3	0.377245508982036	0.496706586826347	0.182646167938296	1.06081818723722	188	23
MILI_PSEUDOPODIA	0.0106157112526539	0.0402840745788483	-0.262096630142439	-2.09299514499546	4	47
MILI_PSEUDOPODIA_CHEMOTAXIS_UP	0.0019723865877712	0.0111521778188445	-0.232892410707301	-2.44775838092505	0	82
IRITANI_MAD1_TARGETS_UP	0.15071283095723	0.264584747680471	-0.369838992507572	-1.2901217816289	73	8
CHEN_LIVER_METABOLISM_QTL_CIS	0.65702479338843	0.748302156559037	-0.0883258887750724	-0.836741704933963	317	67
MEISSNER_NPC_HCP_WITH_H3K4ME2_AND_H3K27ME3	0.094	0.188651270207852	0.131819223278726	1.41667764628553	46	84
MEISSNER_BRAIN_HCP_WITH_H3K4ME2_AND_H3K27ME3	0.142857142857143	0.255964653902798	0.284318260361007	1.32647984559598	70	15
MEISSNER_NPC_HCP_WITH_H3K4ME2	0.00206185567010309	0.0111521778188445	0.142348605191278	2.57530191150729	0	248
MEISSNER_BRAIN_HCP_WITH_H3K4ME2	0.148148148148148	0.261137405153632	0.431383487408352	1.30374789761531	75	6
MIKKELSEN_MCV6_HCP_WITH_H3K27ME3	0.024	0.0719172413793104	0.153577225951454	1.72368320901128	11	91
MIKKELSEN_MCV6_ICP_WITH_H3K4ME3_AND_H3K27ME3	0.133333333333333	0.243675224327019	0.322742252697603	1.36926235588698	65	12
MIKKELSEN_MCV6_ICP_WITH_H3K27ME3	0.0663983903420523	0.155526148806586	0.332285934550868	1.55027184886786	32	15
MIKKELSEN_MCV6_LCP_WITH_H3K4ME3	0.112903225806452	0.21515987549519	-0.123800834519421	-1.42137556589378	55	99
MIKKELSEN_MEF_ICP_WITH_H3K4ME3_AND_H3K27ME3	0.144288577154309	0.25799747643435	0.32004812535786	1.29760657745107	71	11
MIKKELSEN_MEF_ICP_WITH_H3K27ME3	0.0691699604743083	0.159017713365539	-0.230533375918237	-1.51943157016002	34	30
MIKKELSEN_MEF_LCP_WITH_H3K27ME3	0.339250493096647	0.462082568183364	0.281584821428571	1.08969518659325	171	10
MIKKELSEN_MEF_LCP_WITH_H3K4ME3	0.00986193293885602	0.0389319474933919	0.163367390461873	1.95722164628468	4	103
MIKKELSEN_IPS_ICP_WITH_H3K4ME3_AND_H327ME3	0.0231660231660232	0.0701438123040911	0.222936838837637	1.73435796574397	11	43
MIKKELSEN_IPS_ICP_WITH_H3K27ME3	0.236363636363636	0.357839721254355	-0.276784454680954	-1.20068644356371	116	13
MIKKELSEN_IPS_LCP_WITH_H3K4ME3	0.161290322580645	0.274288239378827	-0.122732612172305	-1.29823115460807	79	85
MARSON_FOXP3_TARGETS_UP	0.348790322580645	0.469501608693013	-0.119531845537666	-1.0628086994169	172	57
MARSON_FOXP3_TARGETS_DN	0.923890063424947	0.946769416410706	-0.0800305210377154	-0.62454175837907	436	44
LIANG_HEMATOPOIESIS_STEM_CELL_NUMBER_QTL	0.282051282051282	0.407147116449442	0.257684027160145	1.13431853187648	142	13
BOYLAN_MULTIPLE_MYELOMA_PCA1_DN	0.704500978473581	0.785676584159791	0.225948509485095	0.790790121430915	359	8
BOYLAN_MULTIPLE_MYELOMA_PCA3_UP	0.303212851405622	0.42567361530127	-0.121840105828578	-1.12891654822514	150	63
BOYLAN_MULTIPLE_MYELOMA_PCA3_DN	0.113590263691684	0.215995490477184	-0.162743206958538	-1.39831755042934	55	53
BYSTRYKH_HEMATOPOIESIS_STEM_CELL_IL3RA	0.705653021442495	0.785676584159791	0.267532674529806	0.808550100183745	361	6
BYSTRYKH_HEMATOPOIESIS_STEM_CELL_SCP2_QTL_TRANS	0.324803149606299	0.448022122234721	-0.213598170602	-1.10274669664078	164	18
MIKKELSEN_ES_ICP_WITH_H3K27ME3	0.0730223123732252	0.165251014198783	0.339473684210526	1.54651439257274	35	14
MIKKELSEN_ES_ICP_WITH_H3K4ME3	0.00194552529182879	0.0111521778188445	-0.112939831104856	-2.82673965198269	0	490
MIKKELSEN_ES_ICP_WITH_H3K4ME3_AND_H3K27ME3	0.00394477317554241	0.0197859744990893	0.285392947432231	2.16804364970788	1	41
MIKKELSEN_ES_LCP_WITH_H3K4ME3	0.200772200772201	0.321926664148531	0.125627966518015	1.22877528623153	103	67
MIKKELSEN_NPC_HCP_WITH_H3K27ME3	0.009765625	0.0389319474933919	0.207018114491593	1.97552050986708	4	64
MIKKELSEN_NPC_HCP_WITH_H3K4ME3_AND_H3K27ME3	0.73	0.804017743979721	0.0766990031802026	0.813666855678758	364	81
MIKKELSEN_NPC_ICP_WITH_H3K4ME3	0.00198807157057654	0.0111521778188445	-0.140599721157441	-3.10936341874048	0	376
MIKKELSEN_NPC_LCP_WITH_H3K4ME3	0.765407554671968	0.832464536933592	-0.10155269913998	-0.742967513715519	384	37
MIKKELSEN_MEF_HCP_WITH_H3K27ME3	0.0417536534446764	0.110936170212766	-0.158754445842688	-1.60349239474176	19	77
YAO_TEMPORAL_RESPONSE_TO_PROGESTERONE_CLUSTER_0	0.00609756097560976	0.0268973628822583	-0.23832657159606	-2.29463469695222	2	69
YAO_TEMPORAL_RESPONSE_TO_PROGESTERONE_CLUSTER_1	0.0691056910569106	0.159017713365539	-0.17225650139079	-1.52956440563676	33	58
YAO_TEMPORAL_RESPONSE_TO_PROGESTERONE_CLUSTER_2	0.0564516129032258	0.137690631808279	-0.225172831407377	-1.65737975104943	27	38
YAO_TEMPORAL_RESPONSE_TO_PROGESTERONE_CLUSTER_3	0.721649484536082	0.796840409227263	-0.215623754483858	-0.794029598896779	349	9
YAO_TEMPORAL_RESPONSE_TO_PROGESTERONE_CLUSTER_4	0.0309477756286267	0.0876013583754938	0.482449847216687	1.78178609579768	15	9
YAO_TEMPORAL_RESPONSE_TO_PROGESTERONE_CLUSTER_6	0.348088531187123	0.469501608693013	-0.117757857104744	-1.07715652242026	172	60
YAO_TEMPORAL_RESPONSE_TO_PROGESTERONE_CLUSTER_7	0.0784313725490196	0.171062992125984	0.149488963950847	1.43473366488549	39	66
YAO_TEMPORAL_RESPONSE_TO_PROGESTERONE_CLUSTER_8	0.719921104536489	0.795943307687289	0.103601522709066	0.787029341230626	364	41
YAO_TEMPORAL_RESPONSE_TO_PROGESTERONE_CLUSTER_12	0.037328094302554	0.102328435170093	0.152271816651975	1.56159689575392	18	75
RAMPON_ENRICHED_LEARNING_ENVIRONMENT_EARLY_DN	0.473887814313346	0.589139500197851	0.260218767990789	0.96104120531174	244	9
BAUS_TFF2_TARGETS_DN	0.0311890838206628	0.0879977722082985	0.569386887684624	1.72082840307203	15	6
KAMMINGA_SENESCENCE	0.0445344129554656	0.115179776363987	0.235380729915349	1.61184305351162	21	32
GERHOLD_RESPONSE_TO_TZD_DN	0.77979797979798	0.844323884443239	-0.18968431122449	-0.74056342426023	385	10
ONGUSAHA_BRCA1_TARGETS_DN	0.0282828282828283	0.0816537467700258	-0.438552295918367	-1.71219110260586	13	10
LI_INDUCED_T_TO_NATURAL_KILLER_DN	0.35408560311284	0.47271030174905	0.0890349695051413	1.06360025992464	181	101
KAMIKUBO_MYELOID_CEBPA_NETWORK	0.300589390962672	0.423358477709176	-0.246912736386421	-1.12450170313558	152	14
KAMIKUBO_MYELOID_MN1_NETWORK	0.0417495029821074	0.110936170212766	-0.316461276845884	-1.65844124825431	20	19
QI_HYPOXIA_TARGETS_OF_HIF1A_AND_FOXA2	0.00202429149797571	0.0111521778188445	0.311835181356888	2.20613206882484	0	34
PANGAS_TUMOR_SUPPRESSION_BY_SMAD1_AND_SMAD5_UP	0.0118577075098814	0.0434782608695652	0.149487101042753	1.84171756210988	5	109
PANGAS_TUMOR_SUPPRESSION_BY_SMAD1_AND_SMAD5_DN	0.801192842942346	0.862746692090333	0.0595514212142016	0.760605076474007	402	117
OHGUCHI_LIVER_HNF4A_TARGETS_UP	0.295049504950495	0.417906332555336	0.190256717212024	1.125724838308	148	24
PHESSE_TARGETS_OF_APC_AND_MBD2_UP	0.0628803245436105	0.14929781974972	-0.468091404889046	-1.56366798583483	30	7
PHESSE_TARGETS_OF_APC_AND_MBD2_DN	0.129817444219067	0.237998647734956	-0.407826572088946	-1.36235219849722	63	7
KANG_AR_TARGETS_DN	0.0120724346076459	0.0438951701842856	0.405098758540022	1.88997828699781	5	15
BRUINS_UVC_RESPONSE_VIA_TP53_GROUP_A	0.252918287937743	0.374422473965756	-0.0463638088331	-1.18098562461187	129	519
BRUINS_UVC_RESPONSE_VIA_TP53_GROUP_C	0.597609561752988	0.69895384813371	0.100076012161946	0.881309096688265	299	56
BRUINS_UVC_RESPONSE_VIA_TP53_GROUP_D	0.19438877755511	0.314569548780988	-0.0800418005536314	-1.25442161705532	96	186
BRUINS_UVC_RESPONSE_MIDDLE	0.272908366533865	0.395262284196547	0.0996873975145312	1.12753191257423	136	92
STEGER_ADIPOGENESIS_DN	0.00200400801603206	0.0111521778188445	0.425578905380723	2.25374017588504	0	19
MAEKAWA_ATF2_TARGETS	0.982248520710059	0.990225016817913	0.137611607142857	0.532538313543195	497	10
CHENG_TAF7L_TARGETS	0.108267716535433	0.210106382978723	0.510192047175074	1.42670580784051	54	5
CHANGOLKAR_H2AFY_TARGETS_UP	0.17953667953668	0.295487451737452	0.164662538826298	1.28100760449467	92	43
CHANGOLKAR_H2AFY_TARGETS_DN	0.591093117408907	0.693198271293307	0.126451794775418	0.894605151351519	291	34
BAKKER_FOXO3_TARGETS_UP	0.0182555780933063	0.059536859413538	-0.219792066538708	-1.84537444258151	8	50
BAKKER_FOXO3_TARGETS_DN	0.00197628458498024	0.0111521778188445	0.186573172783426	2.54049002656175	0	134
VANDESLUIS_COMMD1_TARGETS_GROUP_3_DN	0.151821862348178	0.265994351573723	0.257338864071474	1.31409855462363	74	18
VANDESLUIS_COMMD1_TARGETS_GROUP_4_UP	0.270216962524655	0.393990839654237	-0.273520969542338	-1.15720078465228	136	12
VANDESLUIS_NORMAL_EMBRYOS_DN	0.0260521042084168	0.0770043488337219	0.424633805164779	1.72163988766936	12	11
KASLER_HDAC7_TARGETS_1_UP	0.00193050193050193	0.0111521778188445	0.187418307245441	2.77320825391604	0	160
KASLER_HDAC7_TARGETS_1_DN	0.231237322515213	0.353155067250826	0.262166780587833	1.19433322313757	113	14
KASLER_HDAC7_TARGETS_2_DN	0.340725806451613	0.463365768085214	0.164095603108698	1.08679796055229	168	30
BILANGES_SERUM_SENSITIVE_VIA_TSC1	0.346855983772819	0.469498208564767	0.23341307814992	1.06334217220117	170	14
TORCHIA_TARGETS_OF_EWSR1_FLI1_FUSION_TOP20_UP	0.137373737373737	0.24974430497443	-0.306073003625033	-1.32773969050037	67	13
TORCHIA_TARGETS_OF_EWSR1_FLI1_FUSION_TOP20_DN	0.354124748490946	0.47271030174905	0.229008161203711	1.06843193936263	175	15
TORCHIA_TARGETS_OF_EWSR1_FLI1_FUSION_UP	0.036	0.0996305732484076	-0.0986605426933107	-1.66849501084704	17	217
VANLOO_SP3_TARGETS_UP	0.0292397660818713	0.0841369427984973	0.56999787482733	1.72267495776414	14	6
VANLOO_SP3_TARGETS_DN	0.00386100386100386	0.0197747183979975	0.213878553098207	2.09195999574147	1	67
RAFFEL_VEGFA_TARGETS_UP	0.550098231827112	0.660269839030056	0.275227999863371	0.896071048889529	279	7
TERAO_AOX4_TARGETS_HG_UP	0.00201612903225806	0.0111521778188445	0.369841143130837	2.33852023441684	0	27
TERAO_AOX4_TARGETS_HG_DN	0.289370078740157	0.412910670648927	0.405785321539565	1.13474186472033	146	5
TERAO_AOX4_TARGETS_SKIN_UP	0.833001988071571	0.88420054200542	-0.117478386874939	-0.719782487748786	418	26
TERAO_AOX4_TARGETS_SKIN_DN	0.0216535433070866	0.0666220614576146	-0.342480323335461	-1.76812865090667	10	18
GOBERT_CORE_OLIGODENDROCYTE_DIFFERENTIATION	0.063872255489022	0.151239754822779	-0.2228498546684	-1.54283293280778	31	33
IKEDA_MIR1_TARGETS_UP	0.00608519269776876	0.0268973628822583	-0.274382577695671	-2.35754217392095	2	53
IKEDA_MIR1_TARGETS_DN	0.696850393700787	0.781371602743205	0.290620766594948	0.812694627201417	353	5
IKEDA_MIR133_TARGETS_UP	0.0689655172413793	0.159017713365539	-0.206799567653148	-1.59575304767549	33	42
IKEDA_MIR133_TARGETS_DN	0.543307086614173	0.653925011451131	0.324440194437804	0.907267591222333	275	5
IKEDA_MIR30_TARGETS_UP	0.00201207243460765	0.0111521778188445	-0.222879876914598	-2.72774399515199	0	112
IKEDA_MIR30_TARGETS_DN	0.215291750503018	0.337886082302956	-0.243580179140333	-1.21090876479974	106	17
KATSANOU_ELAVL1_TARGETS_DN	0.00197628458498024	0.0111521778188445	0.257481141030124	3.21538805321572	0	111
SERVITJA_ISLET_HNF1A_TARGETS_DN	0.394891944990177	0.511417436954491	0.135450919498234	1.03573234543102	200	42
SERVITJA_LIVER_HNF1A_TARGETS_UP	0.00197628458498024	0.0111521778188445	0.258853488721012	3.03514608734783	0	99
KOHOUTEK_CCNT1_TARGETS	0.874213836477987	0.913091134494436	-0.0909141761227425	-0.674948879849745	416	40
KOHOUTEK_CCNT2_TARGETS	0.348178137651822	0.469501608693013	0.157762338284619	1.0803268779108	171	32
PARK_OSTEOBLAST_DIFFERENTIATION_BY_PHENYLAMIL_UP	0.00580270793036751	0.0268226433730477	0.611416677737921	2.25808701446835	2	9
IM_SREBF1A_TARGETS	0.192913385826772	0.312764425901986	0.457422902223285	1.27914167783427	97	5
HUANG_GATA2_TARGETS_DN	0.00193050193050193	0.0111521778188445	0.246099525596172	2.40711541695231	0	67
PLASARI_NFIC_TARGETS_BASAL_UP	0.0101419878296146	0.0389972894864385	0.411722488038277	1.87565276223938	4	14
PLASARI_NFIC_TARGETS_BASAL_DN	0.385858585858586	0.504986613119143	-0.241589126127839	-1.04800968316108	190	13
PLASARI_TGFB1_SIGNALING_VIA_NFIC_1HR_UP	0.196392785571142	0.316633266533066	0.200056488849592	1.2357121527723	97	26
PLASARI_TGFB1_SIGNALING_VIA_NFIC_1HR_DN	0.00199203187250996	0.0111521778188445	-0.194508051524821	-2.13074969289389	0	91
PLASARI_TGFB1_SIGNALING_VIA_NFIC_10HR_UP	0.0202020202020202	0.0634056649203963	-0.241931805556368	-1.83698037301782	9	41
PLASARI_TGFB1_SIGNALING_VIA_NFIC_10HR_DN	0.764471057884232	0.832464536933592	0.132003067176012	0.766680494926769	382	23
DELACROIX_RAR_TARGETS_DN	0.0196463654223969	0.062537331692538	0.325618318174565	1.77823944122827	9	20
SUZUKI_CTCFL_TARGETS_UP	0.0835030549898167	0.175275736198432	-0.41429539295393	-1.44520053673742	40	8
GUILLAUMOND_KLF10_TARGETS_UP	0.109780439121756	0.211998225770681	0.201073106272371	1.40160196481375	54	33
GUILLAUMOND_KLF10_TARGETS_DN	0.168356997971602	0.283531455886284	-0.24045795436413	-1.29442817722168	82	20
BRIDEAU_IMPRINTED_GENES	0.227822580645161	0.349167235591967	-0.162516189803368	-1.19619689690939	112	38
FOSTER_KDM1A_TARGETS_UP	0.341948310139165	0.464301689860835	0.0928604709478958	1.07373049220557	171	97
FOSTER_KDM1A_TARGETS_DN	0.00196850393700787	0.0111521778188445	0.173067243147404	2.65599860667117	0	172
RAO_BOUND_BY_SALL4_ISOFORM_A	0.211382113821138	0.33459208909029	-0.10252141979188	-1.2206733444711	103	107
VANOEVELEN_MYOGENESIS_SIN3A_TARGETS	0.0142857142857143	0.0500576036866359	0.107704784705087	1.82949762390492	6	212
LIM_MAMMARY_LUMINAL_PROGENITOR_UP	0.3300395256917	0.453087437323992	-0.173441662305716	-1.07496455951251	166	27
LIM_MAMMARY_LUMINAL_PROGENITOR_DN	0.272727272727273	0.395262284196547	0.268032743315792	1.13715245679748	134	12
DURAND_STROMA_NS_UP	0.0729783037475345	0.165251014198783	0.107712495489289	1.46847184775568	36	135
QUINTENS_EMBRYONIC_BRAIN_RESPONSE_TO_IR	0.407258064516129	0.522758135988946	-0.105278954025362	-1.02619115373247	201	71
HOLLERN_EMT_BREAST_TUMOR_UP	0.118811881188119	0.222996813720249	0.109048843777987	1.36336511997471	59	112
HOLLERN_EMT_BREAST_TUMOR_DN	0.29940119760479	0.422369546621044	-0.128167185558003	-1.09789435452872	149	52
HOLLERN_SQUAMOUS_BREAST_TUMOR	0.0415841584158416	0.110936170212766	0.178261565551465	1.62416675593284	20	60
HOLLERN_PAPILLARY_BREAST_TUMOR	0.393814432989691	0.511417436954491	-0.285168947345113	-1.05012819863132	190	9
HOLLERN_MICROACINAR_BREAST_TUMOR_UP	0.250501002004008	0.373388286005974	0.222740537022652	1.1795680912264	124	19
HOLLERN_MICROACINAR_BREAST_TUMOR_DN	0.109090909090909	0.211135857461025	-0.316199787773028	-1.37166951472915	53	13
CHIARADONNA_NEOPLASTIC_TRANSFORMATION_KRAS_DN	0.001953125	0.0111521778188445	0.205134041124872	2.79657071271504	0	133
CHIARADONNA_NEOPLASTIC_TRANSFORMATION_CDC25_DN	0.00194552529182879	0.0111521778188445	0.204216204225943	2.9237427082338	0	149
MARKEY_RB1_CHRONIC_LOF_DN	0.042	0.110936170212766	0.144171870686632	1.56667489343118	20	86
MARKEY_RB1_ACUTE_LOF_UP	0.00201612903225806	0.0111521778188445	0.205317917913319	3.62505139081066	0	226
GRAESSMANN_APOPTOSIS_BY_SERUM_DEPRIVATION_UP	0.00194174757281553	0.0111521778188445	-0.0991605833065056	-2.4069278425153	0	456
GRAESSMANN_RESPONSE_TO_MC_AND_SERUM_DEPRIVATION_UP	0.00203252032520325	0.0111521778188445	-0.234586558837824	-3.52890494329689	0	173
GRAESSMANN_APOPTOSIS_BY_DOXORUBICIN_UP	0.00200803212851406	0.0111521778188445	0.0761760057184229	2.73248178511645	0	1027
GRAESSMANN_APOPTOSIS_BY_DOXORUBICIN_DN	0.00191938579654511	0.0111521778188445	0.0529995734335459	2.41586708823923	0	1688
GRAESSMANN_RESPONSE_TO_MC_AND_DOXORUBICIN_UP	0.002	0.0111521778188445	0.118914911215267	3.18200694154665	0	536
GRAESSMANN_RESPONSE_TO_MC_AND_DOXORUBICIN_DN	0.00829875518672199	0.0340170672512331	0.0663524202113216	2.02322638701302	3	747
GAUSSMANN_MLL_AF4_FUSION_TARGETS_F_UP	0.00614754098360656	0.0269808743169399	-0.141757085392608	-1.99632143828246	2	149
GAUSSMANN_MLL_AF4_FUSION_TARGETS_G_UP	0.0175097276264591	0.0582986716758352	0.119166017077476	1.72277561427369	8	153
BERENJENO_TRANSFORMED_BY_RHOA_DN	0.286868686868687	0.410690097016291	0.0511985571339853	1.13643310648749	141	371
MCBRYAN_PUBERTAL_BREAST_3_4WK_UP	0.00195694716242661	0.0111521778188445	0.200009240618378	2.82359696123392	0	143
MCBRYAN_PUBERTAL_BREAST_4_5WK_UP	0.00196850393700787	0.0111521778188445	0.242862857937065	3.72712594574369	0	172
MCBRYAN_PUBERTAL_BREAST_4_5WK_DN	0.111969111969112	0.214721373301255	0.0881409861313943	1.33701857698041	57	167
MCBRYAN_PUBERTAL_BREAST_5_6WK_UP	0.217391304347826	0.337948199424438	0.107151846391715	1.18187679766405	109	87
MCBRYAN_PUBERTAL_BREAST_5_6WK_DN	0.0526315789473684	0.130676691729323	-0.126251943595518	-1.60114343307843	25	120
MCBRYAN_PUBERTAL_BREAST_6_7WK_UP	0.351851851851852	0.472579998855115	-0.0724512293549086	-1.06215500955528	170	164
MCBRYAN_PUBERTAL_BREAST_6_7WK_DN	0.00199203187250996	0.0111521778188445	0.299773678074206	2.63992602949618	0	56
MCBRYAN_PUBERTAL_TGFB1_TARGETS_UP	0.00764818355640535	0.0332313575525813	0.143137453852938	2.08977031246196	3	155
MCBRYAN_PUBERTAL_TGFB1_TARGETS_DN	0.355899419729207	0.474350606970369	0.131912097996413	1.05660555320954	183	46
MCBRYAN_TERMINAL_END_BUD_UP	0.00195694716242661	0.0111521778188445	0.699545671927308	2.44831801772235	0	8
RASHI_RESPONSE_TO_IONIZING_RADIATION_6	0.0791666666666667	0.171133913764511	-0.182465749773442	-1.48904459082472	37	48
MARTORIATI_MDM4_TARGETS_FETAL_LIVER_DN	0.00192307692307692	0.0111521778188445	-0.100141372657748	-2.44770064202292	0	458
SHETH_LIVER_CANCER_VS_TXNIP_LOSS_PAM1	0.00597609561752988	0.0268226433730477	0.115697213666901	1.99494252330865	2	216
SCHAEFFER_PROSTATE_DEVELOPMENT_6HR_DN	0.223140495867769	0.345649003403014	0.0508871721976538	1.2089202318185	107	426
SCHAEFFER_PROSTATE_DEVELOPMENT_12HR_UP	0.104046242774566	0.204561504459498	0.13457580077779	1.38985865355162	53	76
SCHAEFFER_PROSTATE_DEVELOPMENT_48HR_UP	0.00803212851405622	0.0335748092340384	0.0937427228499778	1.85180629116649	3	291
SCHAEFFER_PROSTATE_DEVELOPMENT_48HR_DN	0.00202839756592292	0.0111521778188445	0.116797329485414	2.17919541111003	0	259
PASQUALUCCI_LYMPHOMA_BY_GC_STAGE_UP	0.0804123711340206	0.172461697229499	0.0811995721992419	1.46902327014227	38	248
STARK_PREFRONTAL_CORTEX_22Q11_DELETION_DN	0.00204918032786885	0.0111521778188445	0.185367495804688	4.67892848823356	0	490
BYSTRYKH_HEMATOPOIESIS_STEM_CELL_QTL_TRANS	0.0264765784114053	0.0774685072037414	0.0605451949067543	1.67647032829007	12	590
BROWN_MYELOID_CELL_DEVELOPMENT_UP	0.698770491803279	0.782514893527125	-0.0696586345381526	-0.812991004742223	340	104
NADLER_OBESITY_UP	0.0157170923379175	0.0541977531944087	0.224145873320537	1.86204416933117	7	50
MATSUDA_NATURAL_KILLER_DIFFERENTIATION	0.00201207243460765	0.0111521778188445	0.137046764599116	3.03757921286041	0	365
HESS_TARGETS_OF_HOXA9_AND_MEIS1_DN	0.0202839756592292	0.0634056649203963	-0.21164344588282	-1.81847679139497	9	53
IGLESIAS_E2F_TARGETS_UP	0.0216962524654832	0.0666220614576146	0.129777682071188	1.67443240699746	10	118
KUMAR_TARGETS_OF_MLL_AF9_FUSION	0.568862275449102	0.677429741561926	0.0466408515805129	0.922385678806851	284	293
IVANOVA_HEMATOPOIESIS_EARLY_PROGENITOR	0.010351966873706	0.0394555228651338	0.0754219938510509	1.72871016398751	4	401
IVANOVA_HEMATOPOIESIS_LATE_PROGENITOR	0.0376569037656904	0.102582599913432	0.0673115846634853	1.54142435849378	17	400
IVANOVA_HEMATOPOIESIS_STEM_CELL_LONG_TERM	0.040983606557377	0.110007957175926	-0.117127914520914	-1.66729787091886	19	153
RAMALHO_STEMNESS_DN	0.239406779661017	0.361816507000737	-0.152393387871843	-1.19695021424138	112	45
LIAN_LIPA_TARGETS_6M	0.712574850299401	0.790839776385925	0.11575704331874	0.806897065273367	356	33
RAMALHO_STEMNESS_UP	0.116326530612245	0.220234760570895	-0.0848314081602969	-1.34632400596904	56	193
CUI_TCF21_TARGETS_2_DN	0.00194174757281553	0.0111521778188445	-0.240444376307207	-7.44549051179044	0	783
YAMAZAKI_TCEB3_TARGETS_DN	0.0117647058823529	0.0434782608695652	0.123752002958215	1.89430437850299	5	171
LIAN_LIPA_TARGETS_3M	0.41233140655106	0.526935282783634	-0.164341926729986	-0.997136733351073	213	25
BURTON_ADIPOGENESIS_8	0.00196850393700787	0.0111521778188445	0.258536737346223	2.5967819245601	0	72
LEE_AGING_NEOCORTEX_UP	0.942460317460317	0.959014070108918	0.0646179534979471	0.611087877884632	474	63
LEE_AGING_CEREBELLUM_UP	0.349019607843137	0.469501608693013	0.119011876904058	1.06707775837836	177	58
BURTON_ADIPOGENESIS_PEAK_AT_0HR	0.00395256916996047	0.0197859744990893	0.253513474812902	2.25608929752542	1	57
IVANOVA_HEMATOPOIESIS_STEM_CELL_AND_PROGENITOR	0.0208728652751423	0.0647804283003524	-0.0726091876891187	-1.77831003421709	10	461
BURTON_ADIPOGENESIS_9	0.011472275334608	0.0433232794077324	0.171417746315558	1.78760885581386	5	77
DURCHDEWALD_SKIN_CARCINOGENESIS_DN	0.0159045725646123	0.0544136754277485	-0.109776192053787	-1.87829507131965	7	223
MONNIER_POSTRADIATION_TUMOR_ESCAPE_UP	0.0268041237113402	0.0779022859704168	0.0709563318409093	1.60143968899975	12	390
MONNIER_POSTRADIATION_TUMOR_ESCAPE_DN	0.494949494949495	0.610953282828283	0.0436627800246845	0.955401863053369	244	355
ZHENG_BOUND_BY_FOXP3	0.00192678227360308	0.0111521778188445	-0.1891069659842	-4.35755176843031	0	401
MARSON_BOUND_BY_FOXP3_STIMULATED	0.00194931773879142	0.0111521778188445	-0.0877445619396084	-2.83381693926452	0	850
MARSON_BOUND_BY_FOXP3_UNSTIMULATED	0.0118343195266272	0.0434782608695652	-0.054354778377249	-1.91855173666576	5	1030
ZHENG_FOXP3_TARGETS_IN_THYMUS_UP	0.00206185567010309	0.0111521778188445	-0.236731472712755	-3.56409302532448	0	174
FOSTER_TOLERANT_MACROPHAGE_UP	0.0897959183673469	0.184039276087794	-0.113962058495316	-1.4617690650762	43	124
STEARMAN_TUMOR_FIELD_EFFECT_UP	0.215799614643545	0.337886082302956	-0.200689600127704	-1.217674492874	111	25
STEARMAN_LUNG_CANCER_EARLY_VS_LATE_DN	0.0518234165067179	0.129591391928786	0.188048862087818	1.56189669340969	26	49
MARTINEZ_RB1_TARGETS_UP	0.066	0.155430894308943	0.0542037561588008	1.4522398850473	32	541
MARTINEZ_RB1_TARGETS_DN	0.00207900207900208	0.0111521778188445	0.110217929760195	2.52985697776644	0	403
MARTINEZ_TP53_TARGETS_UP	0.462962962962963	0.576382256181683	0.0397480949355326	0.994636199844329	224	479
MARTINEZ_TP53_TARGETS_DN	0.00416666666666667	0.0197859744990893	0.0901434648698402	2.17839388185868	1	448
MARTINEZ_RB1_AND_TP53_TARGETS_UP	0.556008146639511	0.665524902795778	0.036771561377041	0.923252520963447	272	477
MARTINEZ_RB1_AND_TP53_TARGETS_DN	0.0020746887966805	0.0111521778188445	0.0998666606043791	2.41628778430273	0	445
IWANAGA_CARCINOGENESIS_BY_KRAS_PTEN_DN	0.243083003952569	0.364834422167155	-0.0629002467308546	-1.18556354427344	122	265
ZHANG_BREAST_CANCER_PROGENITORS_UP	0.0058252427184466	0.0268226433730477	-0.0896699518149178	-2.07163662457574	2	409
QI_PLASMACYTOMA_UP	0.00204081632653061	0.0111521778188445	-0.170950813795685	-2.50437113056288	0	163
BOYLAN_MULTIPLE_MYELOMA_C_D_DN	0.00209205020920502	0.0111533228944734	-0.170116551564333	-2.51274503157993	0	169
ICHIBA_GRAFT_VERSUS_HOST_DISEASE_D7_UP	0.00201612903225806	0.0111521778188445	-0.258696154698948	-2.73641538025757	0	85
ICHIBA_GRAFT_VERSUS_HOST_DISEASE_35D_UP	0.0816733067729084	0.173107569721116	-0.139114827968076	-1.47392311399966	40	84
WUNDER_INFLAMMATORY_RESPONSE_AND_CHOLESTEROL_UP	0.00808080808080808	0.0335748092340384	-0.306227864484351	-2.32517826845982	3	41
SWEET_LUNG_CANCER_KRAS_UP	0.00202839756592292	0.0111521778188445	0.140197411141795	3.10433870112524	0	368
SWEET_LUNG_CANCER_KRAS_DN	0.00198807157057654	0.0111521778188445	-0.126958260326313	-2.59702044922882	0	316
CHEN_METABOLIC_SYNDROM_NETWORK	0.00202429149797571	0.0111521778188445	0.106482918715046	3.55258329655728	0	888
MILI_PSEUDOPODIA_CHEMOTAXIS_DN	0.0020703933747412	0.0111521778188445	0.129575719031902	3.01815072220378	0	411
MILI_PSEUDOPODIA_HAPTOTAXIS_UP	0.00194931773879142	0.0111521778188445	-0.309952445846086	-7.82615546273831	0	509
MILI_PSEUDOPODIA_HAPTOTAXIS_DN	0.0020703933747412	0.0111521778188445	0.192793213862547	5.54079693773829	0	656
BOYLAN_MULTIPLE_MYELOMA_PCA1_UP	0.00201207243460765	0.0111521778188445	-0.268110026145883	-2.45246024757758	0	60
CAIRO_LIVER_DEVELOPMENT_UP	0.252032520325203	0.373747884236521	-0.0866328443487658	-1.17494400588008	123	139
KARLSSON_TGFB1_TARGETS_DN	0.0183673469387755	0.059556807797746	-0.12397500134691	-1.91497553348874	8	180
LI_INDUCED_T_TO_NATURAL_KILLER_UP	0.00409836065573771	0.0197859744990893	0.119431956931957	2.14162918366348	1	234
CHYLA_CBFA2T3_TARGETS_UP	0.226	0.348216312056738	-0.065014053430137	-1.19075291495198	112	255
PILON_KLF1_TARGETS_UP	0.00198412698412698	0.0111521778188445	-0.12002496099844	-2.64821161082035	0	375
BRUINS_UVC_RESPONSE_LATE	0.002	0.0111521778188445	0.0751963408484181	2.6290055008565	0	980
BRUINS_UVC_RESPONSE_EARLY_LATE	0.335378323108384	0.458966555560923	0.0569080787835435	1.09264038998648	163	276
KIM_GLIS2_TARGETS_UP	0.00191938579654511	0.0111521778188445	0.316296338607414	2.62709489397392	0	49
PASINI_SUZ12_TARGETS_UP	0.0784313725490196	0.171062992125984	0.146643218238698	1.4438048486156	39	69
PASINI_SUZ12_TARGETS_DN	0.00199600798403194	0.0111521778188445	0.152913327393136	3.02406706795769	0	293
LEE_BMP2_TARGETS_UP	0.00386847195357834	0.0197747183979975	-0.0919795078105692	-2.52075992094407	1	603
LEE_BMP2_TARGETS_DN	0.00202839756592292	0.0111521778188445	0.129005585502085	4.2274673743428	0	840
TORCHIA_TARGETS_OF_EWSR1_FLI1_FUSION_DN	0.0628683693516699	0.14929781974972	-0.0785010342613948	-1.50878596925605	31	274
GOBERT_OLIGODENDROCYTE_DIFFERENTIATION_DN	0.104330708661417	0.20465775581664	-0.0409387216712058	-1.39480838736577	52	936
KATSANOU_ELAVL1_TARGETS_UP	0.00988142292490119	0.0389319474933919	0.148035186386906	2.01573414326131	4	134
SERVITJA_ISLET_HNF1A_TARGETS_UP	0.00196850393700787	0.0111521778188445	0.265757867975804	3.29190811180709	0	110
WAKABAYASHI_ADIPOGENESIS_PPARG_BOUND_8D	0.0843373493975904	0.175553906000413	0.0513638899337707	1.39293717407779	41	555
HUANG_GATA2_TARGETS_UP	0.102	0.200993197278912	-0.116655392212304	-1.43522149385973	50	113
PLASARI_TGFB1_TARGETS_10HR_DN	0.00199203187250996	0.0111521778188445	-0.208951201884136	-3.45430586380603	0	208
WANG_MLL_TARGETS	0.0144927536231884	0.0503768115942029	-0.132524816805456	-1.95609166791389	6	168
DELACROIX_RARG_BOUND_MEF	0.00199600798403194	0.0111521778188445	0.119056634568304	2.37974712726424	0	300
DELACROIX_RAR_TARGETS_UP	0.227005870841487	0.348530215125888	0.170823776431253	1.22112213966067	115	35
DELACROIX_RAR_BOUND_ES	0.0101214574898785	0.0389972894864385	0.0847977894352566	1.83294820528325	4	349
RAO_BOUND_BY_SALL4_ISOFORM_B	0.0137524557956778	0.0491722443172632	-0.0827277743211673	-1.86185444686525	6	385
RAO_BOUND_BY_SALL4	0.00203252032520325	0.0111521778188445	-0.192395416200247	-2.92556810152579	0	175
LIM_MAMMARY_STEM_CELL_UP	0.00202839756592292	0.0111521778188445	0.187806838210634	4.15853639125745	0	368
DURAND_STROMA_S_UP	0.00204498977505112	0.0111521778188445	0.157681242968842	2.8062201172405	0	232
LANDIS_BREAST_CANCER_PROGRESSION_DN	0.0513833992094862	0.129052525760241	0.173846862439688	1.60400626964388	25	61
GESERICK_TERT_TARGETS_DN	0.0789473684210526	0.171085444284027	0.270413726808844	1.48934935728723	38	21
CASTELLANO_NRAS_TARGETS_UP	0.0204081632653061	0.0635652110306488	-0.18964627333592	-1.77419214044191	9	65
BERENJENO_ROCK_SIGNALING_NOT_VIA_RHOA_DN	0.429378531073446	0.542427593094593	0.12257306121338	1.00428429967707	227	47
BERENJENO_TRANSFORMED_BY_RHOA_REVERSIBLY_UP	0.913894324853229	0.938740151651839	0.175892714809501	0.615601411224155	466	8
MARKEY_RB1_CHRONIC_LOF_UP	0.002	0.0111521778188445	0.261442881919493	2.93431986994346	0	91
MARKEY_RB1_ACUTE_LOF_DN	0.00204081632653061	0.0111521778188445	-0.138476158230348	-2.12772168291694	0	179
GRAESSMANN_APOPTOSIS_BY_SERUM_DEPRIVATION_DN	0.00798403193612774	0.0335748092340384	0.131594523074594	2.10944163714493	3	188
LANDIS_ERBB2_BREAST_TUMORS_65_DN	0.619718309859155	0.71996685998343	0.127162150675016	0.861077467247683	307	31
LANDIS_ERBB2_BREAST_PRENEOPLASTIC_DN	0.0921305182341651	0.18667672197084	0.169878171180507	1.41097452493709	47	49
GRAESSMANN_RESPONSE_TO_MC_AND_SERUM_DEPRIVATION_DN	0.0175097276264591	0.0582986716758352	0.193860845134434	1.81231642698491	8	62
BERENJENO_TRANSFORMED_BY_RHOA_FOREVER_DN	0.00618556701030928	0.0270113453867274	0.292408932278005	1.85914513437003	2	28
CAIRO_PML_TARGETS_BOUND_BY_MYC_UP	0.00399201596806387	0.0197859744990893	0.373378695992804	2.12069332922854	1	22
CAIRO_PML_TARGETS_BOUND_BY_MYC_DN	0.216161616161616	0.337886082302956	0.287155158666879	1.21828098358635	106	12
LANDIS_ERBB2_BREAST_TUMORS_324_DN	0.19560878243513	0.315955449695405	0.0929251166908096	1.23832875151695	97	128
BERENJENO_TRANSFORMED_BY_RHOA_UP	0.00200803212851406	0.0111521778188445	0.239609295365381	6.38554085414802	0	533
JOHANSSON_GLIOMAGENESIS_BY_PDGFB_UP	0.00199203187250996	0.0111521778188445	0.289111972201266	2.5460348145182	0	56
HUMMERICH_BENIGN_SKIN_TUMOR_DN	0.753937007874016	0.824114792254742	0.273997928121763	0.766210366374925	382	5
HUMMERICH_MALIGNANT_SKIN_TUMOR_DN	0.146198830409357	0.259279150256594	0.432286685793221	1.30647758716017	74	6
SAENZ_DETOX_PATHWAY_AND_CARCINOGENESIS_DN	0.233791748526523	0.355303970223325	0.37573011192203	1.223279883066	118	7
KONG_E2F3_TARGETS	0.002	0.0111521778188445	0.428741602616272	4.81200709842133	0	91
RIZ_ERYTHROID_DIFFERENTIATION	0.00770712909441233	0.0333208715574344	0.182152166760868	1.88121314361557	3	76
RIZ_ERYTHROID_DIFFERENTIATION_CCNE1	0.628458498023715	0.726943185779017	0.118130897714084	0.876545969718438	317	38
BAKER_HEMATOPOESIS_STAT1_TARGETS	0.425531914893617	0.540624611173323	0.272990567291085	1.00821007590601	219	9
BAKER_HEMATOPOIESIS_STAT3_TARGETS	0.480730223123732	0.595940890006453	0.21142629300524	0.963178650684835	236	14
BAKER_HEMATOPOESIS_STAT5_TARGETS	0.918864097363083	0.942730697294592	-0.189231347277095	-0.632130811553194	452	7
HUMMERICH_SKIN_CANCER_PROGRESSION_DN	0.00191204588910134	0.0111521778188445	0.25651042073259	2.67498733104332	0	77
RASHI_RESPONSE_TO_IONIZING_RADIATION_1	0.163672654690619	0.277314478394101	0.185678363379825	1.29429123447288	81	33
RASHI_RESPONSE_TO_IONIZING_RADIATION_2	0.00402414486921529	0.0197859744990893	-0.164058373711163	-2.00784947452434	1	112
RASHI_NFKB1_TARGETS	0.00198807157057654	0.0111521778188445	-0.529603426196125	-2.77543014416958	0	19
MARTORIATI_MDM4_TARGETS_NEUROEPITHELIUM_UP	0.00581395348837209	0.0268226433730477	0.150478634268957	2.18704577962099	2	154
MARTORIATI_MDM4_TARGETS_FETAL_LIVER_UP	0.0197628458498024	0.0626785147572199	0.103075789685745	1.73481870445376	9	205
JOHANSSON_BRAIN_CANCER_EARLY_VS_LATE_UP	0.00196850393700787	0.0111521778188445	0.766435572555582	2.14326759649663	0	5
SASAI_RESISTANCE_TO_NEOPLASTIC_TRANSFROMATION	0.00193050193050193	0.0111521778188445	0.469726175848974	3.65427866946405	0	43
SHETH_LIVER_CANCER_VS_TXNIP_LOSS_PAM4	0.431334622823985	0.544020010499336	0.0651198633316621	1.00776883362128	222	174
THEODOROU_MAMMARY_TUMORIGENESIS	0.110891089108911	0.21361848574238	0.282706717527882	1.41096359750204	55	17
GROSS_HYPOXIA_VIA_HIF1A_ONLY	0.479371316306483	0.595105248386191	0.289835931184461	0.943630687979641	243	7
GALIE_TUMOR_ANGIOGENESIS	0.169291338582677	0.284553526553862	0.473201051876644	1.32326384295241	85	5
GROSS_ELK3_TARGETS_DN	0.0812379110251451	0.172605732716017	-0.233291895714058	-1.48860155589682	41	28
GROSS_HYPOXIA_VIA_ELK3_UP	0.002	0.0111521778188445	0.134124079221363	2.23869500839364	0	203
GROSS_HYPOXIA_VIA_ELK3_DN	0.0590551181102362	0.14255249343832	0.107962197033195	1.51058387905857	29	141
GROSS_HYPOXIA_VIA_HIF1A_DN	0.0237154150197628	0.0713103655784564	0.153738914638152	1.80264159290511	11	99
GROSS_HYPOXIA_VIA_ELK3_ONLY_DN	0.834285714285714	0.88420054200542	0.0921767620265302	0.702039621658632	437	40
GROSS_HYPOXIA_VIA_ELK3_AND_HIF1A_UP	0.0138067061143984	0.0491722443172632	0.126039824140321	1.7456493866705	6	137
GROSS_HYPOXIA_VIA_ELK3_AND_HIF1A_DN	0.145348837209302	0.25835974945862	0.110646057330738	1.32643026386355	74	102
GOTZMANN_EPITHELIAL_TO_MESENCHYMAL_TRANSITION_UP	0.0196078431372549	0.062537331692538	0.181711386997731	1.78907544956453	9	69
GOTZMANN_EPITHELIAL_TO_MESENCHYMAL_TRANSITION_DN	0.939271255060729	0.958012582919922	-0.0399341880373986	-0.599304384546527	463	172
SHIN_B_CELL_LYMPHOMA_CLUSTER_1	0.0449897750511247	0.116012209256461	-0.533258952289874	-1.66850451007146	21	6
SHIN_B_CELL_LYMPHOMA_CLUSTER_3	0.0846456692913386	0.175553906000413	-0.268483584289856	-1.49837534443238	42	21
SHIN_B_CELL_LYMPHOMA_CLUSTER_7	0.215291750503018	0.337886082302956	-0.211186485767491	-1.25177635192579	106	24
MORI_PRE_BI_LYMPHOCYTE_UP	0.00196850393700787	0.0111521778188445	0.41382257116915	4.15649622493674	0	72
MORI_LARGE_PRE_BII_LYMPHOCYTE_UP	0.002	0.0111521778188445	0.390206972925497	4.19360304376419	0	84
MORI_IMMATURE_B_LYMPHOCYTE_DN	0.002	0.0111521778188445	0.462359454156128	5.02432926143694	0	86
LE_EGR2_TARGETS_DN	0.0419161676646707	0.110936170212766	0.147699771904554	1.58199709389277	20	83
UEDA_CENTRAL_CLOCK	0.0471512770137525	0.120159705938272	0.148552501535914	1.52345411222854	23	75
HOUSTIS_ROS	0.686626746506986	0.772899796262398	0.119835040767874	0.835323190194664	343	33
JECHLINGER_EPITHELIAL_TO_MESENCHYMAL_TRANSITION_UP	0.00199600798403194	0.0111521778188445	0.271348253314811	2.36942353414235	0	55
WELCH_GATA1_TARGETS	0.142857142857143	0.255964653902798	0.284392694792248	1.32682711760284	70	15
UEDA_PERIFERAL_CLOCK	0.0846153846153846	0.175553906000413	0.102345778494046	1.4519346029841	43	144
JECHLINGER_EPITHELIAL_TO_MESENCHYMAL_TRANSITION_DN	0.0160642570281124	0.0547444680683518	0.206894814814815	1.78112274723047	7	54
LE_EGR2_TARGETS_UP	0.00194552529182879	0.0111521778188445	0.340884895524002	4.07216698673409	0	101
GALINDO_IMMUNE_RESPONSE_TO_ENTEROTOXIN	0.0103305785123967	0.0394555228651338	-0.202255719082174	-1.91603840690958	4	67
YU_MYC_TARGETS_UP	0.0019723865877712	0.0111521778188445	0.493730422799313	3.75072025236999	0	41
BROWN_MYELOID_CELL_DEVELOPMENT_DN	0.190944881889764	0.311315389047288	0.102891424552554	1.24876901663566	96	106
NEMETH_INFLAMMATORY_RESPONSE_LPS_UP	0.21285140562249	0.336305220883534	-0.126364345114345	-1.25587757130008	105	74
NADLER_OBESITY_DN	0.00200400801603206	0.0111521778188445	0.319247984902694	2.33355855221288	0	37
NEMETH_INFLAMMATORY_RESPONSE_LPS_DN	0.0524193548387097	0.130522691561142	0.253561935848198	1.60328218931863	25	27
GERY_CEBP_TARGETS	0.00592885375494071	0.0268226433730477	0.186132703997016	2.18246990239678	2	99
AFFAR_YY1_TARGETS_UP	0.0137524557956778	0.0491722443172632	0.145026175456058	1.96676205598746	6	132
AFFAR_YY1_TARGETS_DN	0.00196078431372549	0.0111521778188445	0.324947540293665	5.04083438856511	0	177
HESS_TARGETS_OF_HOXA9_AND_MEIS1_UP	0.00988142292490119	0.0389319474933919	0.225877310966272	2.08406765515194	4	61
KAMMINGA_EZH2_TARGETS	0.0019047619047619	0.0111521778188445	0.386351286559054	2.94254110342016	0	40
GREENBAUM_E2A_TARGETS_UP	0.00202429149797571	0.0111521778188445	0.520588763775755	3.56489413101031	0	32
BRACHAT_RESPONSE_TO_METHOTREXATE_DN	0.630738522954092	0.726943185779017	0.15090922338687	0.876488407053355	315	23
BURTON_ADIPOGENESIS_10	0.566532258064516	0.677189177796512	0.136026828489301	0.900899701039782	280	30
IVANOVA_HEMATOPOIESIS_MATURE_CELL	0.00776699029126214	0.0334134384312218	-0.116494120496118	-2.05933035361586	3	236
RUAN_RESPONSE_TO_TROGLITAZONE_UP	0.6312625250501	0.726943185779017	0.162194277076816	0.858932982638404	314	19
ZAMORA_NOS2_TARGETS_UP	0.00196463654223969	0.0111521778188445	0.284584025730772	2.44481710290482	0	53
BRACHAT_RESPONSE_TO_CISPLATIN	0.306288032454361	0.428605958458679	-0.208018190521781	-1.11979912620528	150	20
ONGUSAHA_TP53_TARGETS	0.483168316831683	0.598110067416998	-0.141059160821508	-0.944326968076637	243	31
RUAN_RESPONSE_TO_TNF_TROGLITAZONE_DN	0.266129032258065	0.389080642197237	0.18708035088653	1.18291648762069	131	27
MCDOWELL_ACUTE_LUNG_INJURY_UP	0.00200400801603206	0.0111521778188445	0.299700515407154	2.19067538059524	0	37
HU_GENOTOXIC_DAMAGE_24HR	0.00202429149797571	0.0111521778188445	0.321539091199489	2.20183933820208	0	32
CUI_TCF21_TARGETS_UP	0.0099009900990099	0.0389319474933919	0.322173450385741	1.90625939865474	4	24
PAL_PRMT5_TARGETS_UP	0.00198807157057654	0.0111521778188445	0.167169246724422	2.73028924252534	0	196
VARELA_ZMPSTE24_TARGETS_DN	0.681818181818182	0.770188785573401	-0.130932001691162	-0.811496267119167	344	27
KUNINGER_IGF1_VS_PDGFB_TARGETS_DN	0.005859375	0.0268226433730477	0.269460865242939	1.964442100899	2	36
RUAN_RESPONSE_TO_TNF_DN	0.294466403162055	0.417906332555336	0.119865157274959	1.10594152280192	148	61
DELASERNA_MYOD_TARGETS_UP	0.250980392156863	0.373462261616976	0.121381981247452	1.16497439144391	127	66
BURTON_ADIPOGENESIS_5	0.00197628458498024	0.0111521778188445	0.253141351590279	3.16119337681137	0	111
APRELIKOVA_BRCA1_TARGETS	0.0675675675675676	0.157416129265995	0.192245707498332	1.49559344215267	34	43
BRACHAT_RESPONSE_TO_METHOTREXATE_UP	0.141732283464567	0.255529780769105	-0.259120399914912	-1.33776503905943	71	18
BURTON_ADIPOGENESIS_3	0.00196463654223969	0.0111521778188445	0.475156632980745	5.54363184894516	0	98
BURTON_ADIPOGENESIS_PEAK_AT_24HR	0.0019047619047619	0.0111521778188445	0.543910819881732	4.1425510921712	0	40
BRACHAT_RESPONSE_TO_CAMPTOTHECIN_UP	0.521653543307087	0.634009691096305	-0.163784751114201	-0.914063455732794	264	21
HAN_JNK_SINGALING_UP	0.0278330019880716	0.080622929092114	-0.288843003647877	-1.87471892918543	13	29
BURTON_ADIPOGENESIS_PEAK_AT_2HR	0.00188679245283019	0.0111521778188445	0.324914506000124	2.60572155703847	0	45
JACKSON_DNMT1_TARGETS_UP	0.0853658536585366	0.176626016260163	-0.145107324010819	-1.48127750136915	41	78
MODY_HIPPOCAMPUS_PRENATAL	0.00196463654223969	0.0111521778188445	0.419163317500913	3.20515362732203	0	42
BURTON_ADIPOGENESIS_4	0.0157170923379175	0.0541977531944087	0.234152356594812	1.79045790447593	7	42
KUNINGER_IGF1_VS_PDGFB_TARGETS_UP	0.00380952380952381	0.0197747183979975	0.286571040434713	2.18259158145739	1	40
CUI_TCF21_TARGETS_2_UP	0.00201612903225806	0.0111521778188445	0.320032384890267	6.85975343094456	0	343
WENG_POR_TARGETS_GLOBAL_UP	0.0565656565656566	0.137690631808279	0.359817679264338	1.52655810970279	27	12
BURTON_ADIPOGENESIS_1	0.00804828973843058	0.0335748092340384	0.268906502358241	1.8208981898146	3	31
WENG_POR_TARGETS_GLOBAL_DN	0.526732673267327	0.639288677471099	0.187703221992315	0.936809764129075	265	17
SCHLINGEMANN_SKIN_CARCINOGENESIS_TPA_DN	0.773547094188377	0.839216510424094	0.142816954632293	0.756316406623591	385	19
BRACHAT_RESPONSE_TO_CAMPTOTHECIN_DN	0.726577437858509	0.801263697333812	0.106460964790969	0.800388423875521	379	39
JACKSON_DNMT1_TARGETS_DN	0.0495049504950495	0.125422163207574	0.327482416752296	1.63443505304719	24	17
BURTON_ADIPOGENESIS_11	0.00207900207900208	0.0111521778188445	-0.374483675917388	-3.08432347605764	0	49
SARTIPY_BLUNTED_BY_INSULIN_RESISTANCE_UP	0.587044534412955	0.692186839083933	0.174430972133589	0.890730163084417	289	18
WENG_POR_DOSAGE	0.897435897435897	0.928418803418804	0.148295130433716	0.652791391425523	454	13
VARELA_ZMPSTE24_TARGETS_UP	0.635108481262327	0.728112493689924	0.115614395175359	0.878287489337046	321	41
SIMBULAN_PARP1_TARGETS_DN	0.00405679513184584	0.0197859744990893	0.469628616997038	2.13945130103086	1	14
LI_ADIPOGENESIS_BY_ACTIVATED_PPARG	0.0262626262626263	0.0773634651600753	0.400228565353745	1.69800484352139	12	12
WENG_POR_TARGETS_LIVER_UP	0.226720647773279	0.348530215125888	0.175341399137518	1.20070498674406	111	32
HU_GENOTOXIC_DAMAGE_4HR	0.00202429149797571	0.0111521778188445	0.37467581281714	2.65070901388416	0	34
GERHOLD_ADIPOGENESIS_UP	0.00952380952380952	0.0386737872719181	0.254271216237814	1.93658862083804	4	40
WENG_POR_TARGETS_LIVER_DN	0.250493096646943	0.373388286005974	0.266921420816644	1.17498130374589	126	13
BURTON_ADIPOGENESIS_6	0.00196850393700787	0.0111521778188445	0.174995496764013	2.56840715891207	0	159
BURTON_ADIPOGENESIS_PEAK_AT_16HR	0.0019723865877712	0.0111521778188445	0.367477335765925	2.79161384815954	0	41
ZHONG_SECRETOME_OF_LUNG_CANCER_AND_MACROPHAGE	0.00196078431372549	0.0111521778188445	0.26689650769329	2.62778242672563	0	69
ZHONG_SECRETOME_OF_LUNG_CANCER_AND_ENDOTHELIUM	0.00197628458498024	0.0111521778188445	0.300439824856211	2.67370037789412	0	57
ZHONG_SECRETOME_OF_LUNG_CANCER_AND_FIBROBLAST	0.0019723865877712	0.0111521778188445	0.203538387731627	2.62611619383757	0	118
CLASPER_LYMPHATIC_VESSELS_DURING_METASTASIS_DN	0.00200400801603206	0.0111521778188445	0.633447587583454	4.12184419829128	0	29
HARRIS_BRAIN_CANCER_PROGENITORS	0.0119760479041916	0.0437276707090022	0.342860459043032	1.94735772595555	5	22
LEIN_CHOROID_PLEXUS_MARKERS	0.192148760330579	0.312490401363475	-0.133433098780941	-1.26405791231728	92	67
GAVIN_FOXP3_TARGETS_CLUSTER_T4	0.540275049115914	0.651177555730553	0.0860710277376944	0.914474276281155	274	80
GAVIN_FOXP3_TARGETS_CLUSTER_P4	0.437254901960784	0.549096112433413	0.101718584039978	1.00149046505635	222	69
GAVIN_FOXP3_TARGETS_CLUSTER_P6	0.00196463654223969	0.0111521778188445	0.466903865160136	4.78825065912233	0	75
GAVIN_FOXP3_TARGETS_CLUSTER_P7	0.152439024390244	0.266538253913726	-0.137145444098135	-1.32045156546743	74	69
GAVIN_IL2_RESPONSIVE_FOXP3_TARGETS_UP	0.898580121703854	0.928497176885433	0.144429254955571	0.657965350147225	442	14
ZHENG_FOXP3_TARGETS_UP	0.271457085828343	0.395136026105243	-0.207519658764472	-1.17574046331745	135	22
FOSTER_TOLERANT_MACROPHAGE_DN	0.00198807157057654	0.0111521778188445	-0.19208264618149	-4.24135036647113	0	373
JI_CARCINOGENESIS_BY_KRAS_AND_STK11_DN	0.00202020202020202	0.0111521778188445	0.621485143252007	2.63670530984157	0	12
ZHANG_GATA6_TARGETS_DN	0.37524557956778	0.495575089125229	0.137224454999391	1.04929377484858	190	42
OUYANG_PROSTATE_CANCER_PROGRESSION_UP	0.838582677165354	0.887610653418627	-0.138365950506984	-0.714344108936439	425	18
WORSCHECH_TUMOR_REJECTION_UP	0.00193423597678917	0.0111521778188445	-0.422943135421181	-2.69873845174431	0	28
NADELLA_PRKAR1A_TARGETS_UP	0.87992125984252	0.917949069391536	0.231859112279863	0.648372988018986	446	5
ZHENG_GLIOBLASTOMA_PLASTICITY_UP	0.001953125	0.0111521778188445	0.291751216533029	4.7612629674185	0	193
JONES_TCOF1_TARGETS	0.854251012145749	0.899811066126855	-0.244752569925891	-0.693918857423478	421	5
BOCHKIS_FOXA2_TARGETS	0.808966861598441	0.866916026680389	-0.0350587752794077	-0.710167785532218	414	307
MATZUK_SPERMATOCYTE	0.0569744597249509	0.138298339388219	0.18647792706334	1.54912571734346	28	50
MATZUK_SPERMATID_DIFFERENTIATION	0.0139720558882236	0.0493565714100255	-0.339915271450541	-1.92585194638127	6	22
MATZUK_SPERMATOZOA	0.949019607843137	0.961488479032339	0.0628917019263696	0.619212707342351	483	69
RAY_TUMORIGENESIS_BY_ERBB2_CDC25A_UP	0.0756972111553785	0.168668914087241	0.106699951683041	1.46539345012781	37	136
RAY_TUMORIGENESIS_BY_ERBB2_CDC25A_DN	0.910536779324056	0.936398178973496	0.0378603129402142	0.652387120040418	457	214
LIN_NPAS4_TARGETS_DN	0.863894139886578	0.907767844693394	0.0887617178984085	0.702608454269919	456	44
CADWELL_ATG16L1_TARGETS_UP	0.236363636363636	0.357839721254355	-0.156297937949411	-1.18676518656134	116	41
THUM_MIR21_TARGETS_HEART_DISEASE_UP	0.00202020202020202	0.0111521778188445	0.716592250039866	3.04020556434328	0	12
THUM_MIR21_TARGETS_HEART_DISEASE_DN	0.502946954813359	0.617512369723129	0.285589042343645	0.929803918392259	255	7
KRISHNAN_FURIN_TARGETS_UP	0.129158512720157	0.237291221044009	0.387354535310059	1.35569002297342	65	8
YAUCH_HEDGEHOG_SIGNALING_PARACRINE_DN	0.49203187250996	0.608215785506622	-0.0898355604300498	-0.957869165868101	246	86
WANG_TUMOR_INVASIVENESS_UP	0.00199600798403194	0.0111521778188445	0.165871930968066	3.67074872979497	0	361
VILIMAS_NOTCH1_TARGETS_UP	0.00399201596806387	0.0197859744990893	-0.401317775395281	-2.31781816931381	1	23
ZAIDI_OSTEOBLAST_TRANSCRIPTION_FACTORS	0.512820512820513	0.625900316911553	0.24390943877551	0.943896549714262	259	10
SOUCEK_MYC_TARGETS	0.00811359026369168	0.0335748092340384	-0.586765191451571	-1.96009996229807	3	7
SEKI_INFLAMMATORY_RESPONSE_LPS_UP	0.00203252032520325	0.0111521778188445	-0.427791030395895	-4.11881954587557	0	69
PIONTEK_PKD1_TARGETS_DN	0.00591715976331361	0.0268226433730477	0.573469387755102	2.21924899334047	2	10
GOLDRATH_ANTIGEN_RESPONSE	0.00199203187250996	0.0111521778188445	0.281280045411811	5.62289188179136	0	299
ICHIBA_GRAFT_VERSUS_HOST_DISEASE_D7_DN	0.285429141716567	0.40998003992016	0.200998171952529	1.14161704195109	142	22
ICHIBA_GRAFT_VERSUS_HOST_DISEASE_35D_DN	0.936127744510978	0.956700204191843	-0.104866886642865	-0.6056606263722	468	23
SCHRAETS_MLL_TARGETS_DN	0.00199600798403194	0.0111521778188445	0.431426457360067	2.45038943034348	0	22
HOFFMANN_LARGE_TO_SMALL_PRE_BII_LYMPHOCYTE_UP	0.00195694716242661	0.0111521778188445	0.366636747347407	5.17593288433148	0	143
MIKKELSEN_DEDIFFERENTIATED_STATE_DN	0.114173228346457	0.216629990028539	0.505968603075942	1.41489532929879	57	5
MIKKELSEN_PARTIALLY_REPROGRAMMED_TO_PLURIPOTENCY	0.142300194931774	0.255964653902798	0.434571246413771	1.31338209600893	72	6
MEISSNER_BRAIN_HCP_WITH_H3_UNMETHYLATED	0.111111111111111	0.21361848574238	0.463101689512273	1.39960817163174	56	6
IRITANI_MAD1_TARGETS_DN	0.00189035916824197	0.0111521778188445	0.445200203473585	3.52405782818718	0	44
ISHIDA_E2F_TARGETS	0.00196463654223969	0.0111521778188445	0.444773474725795	3.82097974450873	0	53
MIKKELSEN_IPS_WITH_HCP_H3K27ME3	0.62671905697446	0.726943185779017	-0.189735702893598	-0.86410334344021	318	14
MIKKELSEN_IPS_HCP_WITH_H3_UNMETHYLATED	0.0663983903420523	0.155526148806586	-0.258911944666135	-1.53466188135262	32	24
GLINSKY_CANCER_DEATH_UP	0.949317738791423	0.961488479032339	0.195143980448412	0.589773511662178	486	6
ONO_AML1_TARGETS_UP	0.174081237911025	0.28980190755686	0.347584252247465	1.28369983190109	89	9
ONO_AML1_TARGETS_DN	0.43503937007874	0.547104504483973	-0.176695428829794	-0.986116431411455	220	21
ONO_FOXP3_TARGETS_UP	0.771717171717172	0.838277777777778	-0.193797831632653	-0.756623385885778	381	10
ONO_FOXP3_TARGETS_DN	0.398390342052314	0.514414869603954	-0.170470869912211	-1.01044062016004	197	24
WORSCHECH_TUMOR_EVASION_AND_TOLEROGENICITY_UP	0.00392927308447937	0.0197859744990893	-0.489781271360219	-2.23058511225007	1	14
WORSCHECH_TUMOR_EVASION_AND_TOLEROGENICITY_DN	0.0747474747474747	0.168278641335636	-0.38343431122449	-1.49700006640618	36	10
CAIRO_LIVER_DEVELOPMENT_DN	0.385826771653543	0.504986613119143	0.0775335775335775	1.02771249426673	195	126
MIKKELSEN_ES_HCP_WITH_H3K27ME3	0.00198807157057654	0.0111521778188445	-0.579642393801686	-2.37182065013991	0	11
MIKKELSEN_ES_HCP_WITH_H3_UNMETHYLATED	0.0100603621730382	0.0389972894864385	-0.338148443735036	-2.00432439495229	4	24
MIKKELSEN_MEF_HCP_WITH_H3_UNMETHYLATED	0.0166666666666667	0.0561369509043928	-0.239901513939975	-1.95775948147271	7	48
YAO_TEMPORAL_RESPONSE_TO_PROGESTERONE_CLUSTER_5	0.155688622754491	0.268972988416805	0.226540787542547	1.31576035943642	77	23
YAO_TEMPORAL_RESPONSE_TO_PROGESTERONE_CLUSTER_9	0.00816326530612245	0.0336202727536512	-0.210836168935148	-1.95997749809527	3	64
YAO_TEMPORAL_RESPONSE_TO_PROGESTERONE_CLUSTER_10	0.17843137254902	0.295487451737452	0.132796575621688	1.2745269790524	90	66
YAO_TEMPORAL_RESPONSE_TO_PROGESTERONE_CLUSTER_11	0.002	0.0111521778188445	0.228244835482258	2.56171960410765	0	91
YAO_TEMPORAL_RESPONSE_TO_PROGESTERONE_CLUSTER_13	0.00196078431372549	0.0111521778188445	0.266788224296908	4.12932675856176	0	175
YAO_TEMPORAL_RESPONSE_TO_PROGESTERONE_CLUSTER_14	0.0019723865877712	0.0111521778188445	0.282584331654305	3.85254406896984	0	135
YAO_TEMPORAL_RESPONSE_TO_PROGESTERONE_CLUSTER_15	0.062124248496994	0.148313109735955	0.235614288664051	1.53314245377326	30	29
YAO_TEMPORAL_RESPONSE_TO_PROGESTERONE_CLUSTER_16	0.001953125	0.0111521778188445	0.354138310648519	3.37945062312041	0	64
YAO_TEMPORAL_RESPONSE_TO_PROGESTERONE_CLUSTER_17	0.001953125	0.0111521778188445	0.278625359742678	4.35997796731445	0	179
BAUS_TFF2_TARGETS_UP	0.0433070866141732	0.11392171234142	-0.314020066652485	-1.62119642787196	21	18
RUAN_RESPONSE_TO_TROGLITAZONE_DN	0.0433925049309665	0.11392171234142	0.370851300043549	1.6324779880456	21	13
KARLSSON_TGFB1_TARGETS_UP	0.00196850393700787	0.0111521778188445	0.226550646006713	3.00294320076313	0	126
QI_HYPOXIA	0.00796812749003984	0.0335748092340384	0.167952381257233	2.1034069746005	3	113
WANG_CLASSIC_ADIPOGENIC_TARGETS_OF_PPARG	0.0594059405940594	0.143002111845534	0.313298518737478	1.56364450394178	29	17
WANG_ADIPOGENIC_GENES_REPRESSED_BY_SIRT1	0.00196463654223969	0.0111521778188445	0.465781075474709	2.5436845323389	0	20
OHGUCHI_LIVER_HNF4A_TARGETS_DN	0.119760479041916	0.224292793722899	0.160789658270061	1.36496019090273	59	52
CHYLA_CBFA2T3_TARGETS_DN	0.116858237547893	0.22076045310678	0.0912797396646975	1.36570496573824	60	161
FUKUSHIMA_TNFSF11_TARGETS	0.262626262626263	0.384860408469178	-0.267172903645274	-1.15899169216062	129	13
KANG_AR_TARGETS_UP	0.00202020202020202	0.0111521778188445	0.631837027587307	2.68062408841595	0	12
STEGER_ADIPOGENESIS_UP	0.695390781563126	0.780742363279531	0.203054220753336	0.823265226547154	346	11
VANDESLUIS_COMMD1_TARGETS_GROUP_2_UP	0.112426035502959	0.214721373301255	0.321597467997277	1.41566387243378	56	13
VANDESLUIS_COMMD1_TARGETS_GROUP_3_UP	0.00386100386100386	0.0197747183979975	0.267192344425573	2.26125629371516	1	51
VANDESLUIS_COMMD1_TARGETS_GROUP_4_DN	0.00580270793036751	0.0268226433730477	0.616908020016828	2.27836766618017	2	9
WANG_NFKB_TARGETS	0.901353965183752	0.930257239601759	0.174624684469244	0.644924724435884	465	9
BILANGES_SERUM_SENSITIVE_GENES	0.123529411764706	0.229865222320191	0.152804759592035	1.37006964831301	62	58
BILANGES_SERUM_AND_RAPAMYCIN_SENSITIVE_GENES	0.001953125	0.0111521778188445	0.434376097119311	4.15587720627461	0	65
BILANGES_RAPAMYCIN_SENSITIVE_GENES	0.434442270058708	0.547104504483973	0.139648306003446	0.998266411090285	221	35
BILANGES_RAPAMYCIN_SENSITIVE_VIA_TSC1_AND_TSC2	0.00193798449612403	0.0111521778188445	0.367510435216855	3.60951118914145	0	68
BILANGES_SERUM_SENSITIVE_VIA_TSC2	0.207661290322581	0.329904316801321	0.185265623336527	1.22700607321705	102	30
BILANGES_SERUM_RESPONSE_TRANSLATION	0.0020703933747412	0.0111521778188445	0.44082049644824	2.66118014733358	0	25
GOBERT_OLIGODENDROCYTE_DIFFERENTIATION_UP	0.00198807157057654	0.0111521778188445	0.27473861577944	7.5017269147444	0	562
SCHMIDT_POR_TARGETS_IN_LIMB_BUD_UP	0.00198019801980198	0.0111521778188445	0.466447193402501	2.75990881723815	0	24
SERVITJA_LIVER_HNF1A_TARGETS_DN	0.13953488372093	0.252091089300392	0.132835834958683	1.30464984570954	71	68
MADAN_DPPA4_TARGETS	0.0356435643564356	0.0992764661081493	-0.345109923704708	-1.62227410074247	17	15
WAKABAYASHI_ADIPOGENESIS_PPARG_RXRA_BOUND_36HR	0.498977505112474	0.614200785449239	-0.0726843825845757	-0.949707264503291	243	130
WAKABAYASHI_ADIPOGENESIS_PPARG_BOUND_36HR	0.108317214700193	0.210106382978723	-0.219645993476426	-1.40152904426765	55	28
WAKABAYASHI_ADIPOGENESIS_PPARG_RXRA_BOUND_8D	0.0551330798479087	0.135570933484884	-0.0517491265000333	-1.58388377772472	28	751
WAKABAYASHI_ADIPOGENESIS_PPARG_RXRA_BOUND_WITH_H4K20ME1_MARK	0.327800829875519	0.45144044558134	-0.0792931327782255	-1.09123398616923	157	144
VERNOCHET_ADIPOGENESIS	0.0884086444007859	0.181624378213435	0.449088569834565	1.4621160129628	44	7
GUO_TARGETS_OF_IRS1_AND_IRS2	0.0764705882352941	0.169765522361089	0.139336243536308	1.45667226853297	38	78
PLASARI_TGFB1_TARGETS_1HR_UP	0.00201207243460765	0.0111521778188445	0.301733841988805	2.04318825266361	0	31
PLASARI_TGFB1_TARGETS_10HR_UP	0.00193050193050193	0.0111521778188445	0.287606046866895	4.2416981145926	0	158
SANDERSON_PPARA_TARGETS	0.35871743486974	0.476644420339149	0.266900045661108	1.08212242888346	178	11
KANG_GLIS3_TARGETS	0.819253438113949	0.875684179238649	0.219084812533446	0.713283379089576	416	7
REICHERT_MITOSIS_LIN9_TARGETS	0.00201612903225806	0.0111521778188445	0.534546121119123	3.37995635067535	0	27
ZHANG_ADIPOGENESIS_BY_BMP7	0.105476673427992	0.205975795975112	0.307233994076099	1.39964249314722	51	14
MIZUSHIMA_AUTOPHAGOSOME_FORMATION	0.873767258382643	0.913091134494436	-0.160500717588901	-0.679039550941566	442	12
LIM_MAMMARY_STEM_CELL_DN	0.306796116504854	0.428626728686043	0.0540269083434551	1.13102072539471	157	322
LIM_MAMMARY_LUMINAL_MATURE_UP	1	1	-0.0439968874445004	-0.427271669531716	498	70
LIM_MAMMARY_LUMINAL_MATURE_DN	0.166994106090373	0.281782287752494	0.123356581689915	1.31062012073546	84	80
HORTON_SREBF_TARGETS	0.00199600798403194	0.0111521778188445	0.451948466471288	2.56694907418929	0	22
YAO_AJ_MOUSE_LUNG_TUMOR_PROGRESSION_SIMILAR_ADENOMA_UP	0.145383104125737	0.25835974945862	0.41353083833358	1.34634925311991	73	7
YAO_AJ_MOUSE_LUNG_TUMOR_PROGRESSION_SIMILAR_ADENOCARCINOMA_UP	0.145383104125737	0.25835974945862	0.41353083833358	1.34634925311991	73	7
YAO_AJ_MOUSE_LUNG_TUMOR_PROGRESSION_DIFFERENT_ADENOMA_DN	0.755905511811024	0.825228504728366	0.273121364252132	0.763759134979472	383	5
YAO_AJ_MOUSE_LUNG_TUMOR_PROGRESSION_DIFFERENT_ADENOCARCINOMA_DN	0.0729783037475345	0.165251014198783	0.379480229591837	1.46853718000713	36	10
LIU_OVARIAN_CANCER_TUMORS_AND_XENOGRAFTS_XDGS_UP	0.0115163147792706	0.0433232794077324	0.234378085500494	1.94669806924947	5	49
LIU_OVARIAN_CANCER_TUMORS_AND_XENOGRAFTS_XDGS_DN	0.00200400801603206	0.0111521778188445	0.160769395439849	5.35720845279323	0	873
BANG_VERTEPORFIN_ENDOMETRIAL_CANCER_CELLS_UP	0.24248496993988	0.364566503248712	0.223727247916361	1.18479342066594	120	19
HOUNKPE_HOUSEKEEPING_GENES	0.00202839756592292	0.0111521778188445	0.135607792872065	5.06401499066454	0	1123
