pathway	pval	padj	ES	NES	nMoreExtreme	size
WP_HYPOXIADEPENDENT_PROLIFERATION_OF_MYOBLASTS	0.55984555984556	0.717969878275222	0.224964304610322	0.902599749983477	289	11
WP_INFLAMMATORY_RESPONSE_PATHWAY	0.0321285140562249	0.168674698795181	0.328662341345813	1.65909767734966	15	18
WP_OMEGA3_OMEGA6_FATTY_ACID_SYNTHESIS	0.16023166023166	0.381348283878025	0.323208163916128	1.29677287447286	82	11
WP_ELECTRON_TRANSPORT_CHAIN	0.00199203187250996	0.0265906932573599	0.269446993605957	2.88546768083303	0	86
WP_GLUTATHIONE_AND_ONECARBON_METABOLISM	0.704225352112676	0.827341672412095	0.139811119978718	0.817124670202737	349	24
WP_BDNF_PATHWAY	0.49034749034749	0.669090428344791	0.239807788480355	0.96215464182813	253	11
WP_ID_SIGNALING_PATHWAY	0.542168674698795	0.70064874884152	0.128176986089384	0.933551980914174	269	38
WP_FACTORS_AND_PATHWAYS_AFFECTING_INSULINLIKE_GROWTH_FACTOR_IGF1AKT_SIGNALING	0.38996138996139	0.60518517204053	-0.183721761336234	-1.04616228109564	201	23
WP_SEROTONIN_AND_ANXIETYRELATED_EVENTS	0.073558648111332	0.262933040057527	-0.528998326559885	-1.47713655937771	36	5
WP_GLUCURONIDATION	0.215415019762846	0.452371541501976	0.381730407951815	1.23303982932319	108	7
WP_ETHANOL_METABOLISM_RESULTING_IN_PRODUCTION_OF_ROS_BY_CYP2E1	0.921455938697318	0.957079180648069	0.169638191399849	0.623521008619696	480	9
WP_SPLICING_FACTOR_NOVA_REGULATED_SYNAPTIC_PROTEINS	0.87992125984252	0.941571793971613	-0.104365062977493	-0.660412286320518	446	29
WP_OXIDATIVE_STRESS_AND_REDOX_PATHWAY	0.265432098765432	0.491818320844166	0.126529873122391	1.14576429472254	128	61
WP_LEPTIN_AND_ADIPONECTIN	0.925196850393701	0.957079180648069	-0.176630001594134	-0.610194787737578	469	8
WP_APOE_AND_MIR146_IN_INFLAMMATION_AND_ATHEROSCLEROSIS	0.139112903225806	0.381348283878025	-0.407428070455089	-1.31818848544154	68	7
WP_IL6_SIGNALING_PATHWAY	0.138492871690428	0.381348283878025	-0.118181024624096	-1.30387762625162	67	91
WP_LUNG_FIBROSIS	0.0585858585858586	0.228893587033122	0.228680976344528	1.60177855447404	28	35
WP_EGFR1_SIGNALING_PATHWAY	0.0197628458498024	0.127698388567954	-0.117165921655834	-1.72791014519315	9	161
WP_WNT_SIGNALING_PATHWAY_AND_PLURIPOTENCY	0.199195171026157	0.42360492066322	0.123892437376804	1.20436298110226	98	71
WP_INTEGRINMEDIATED_CELL_ADHESION	0.324	0.567	0.106619314578524	1.08865094332375	161	79
WP_DOPAMINERGIC_NEUROGENESIS	0.120967741935484	0.359926545602938	-0.421375627640073	-1.36331426497054	59	7
WP_HYPOXIADEPENDENT_SELFRENEWAL_OF_MYOBLASTS	0.411417322834646	0.624100301834223	-0.296090387374462	-1.02288857750369	208	8
WP_REGULATION_OF_ACTIN_CYTOSKELETON	0.147773279352227	0.381348283878025	0.108975961338166	1.31499032270928	72	108
WP_IL9_SIGNALING_PATHWAY	0.436619718309859	0.624100301834223	0.184037953747497	1.02369400209091	216	22
WP_METHYLATION	0.448897795591182	0.633738064364022	0.357749621483784	1.00045903347722	223	5
WP_MICROGLIA_PATHOGEN_PHAGOCYTOSIS_PATHWAY	0.266401590457256	0.491818320844166	-0.222186299414272	-1.15412622308297	133	19
WP_SIDS_SUSCEPTIBILITY_PATHWAYS	0.248508946322068	0.487987210375808	-0.192525261741292	-1.19760864422287	124	28
WP_GENE_REGULATORY_NETWORK_MODELLING_SOMITOGENESIS	0.701402805611222	0.827341672412095	0.285600446250697	0.798691401074169	349	5
WP_OMEGA9_FATTY_ACID_SYNTHESIS	0.0637065637065637	0.243243243243243	0.378139201148051	1.51716668564992	32	11
WP_MITOCHONDRIAL_LONG_CHAIN_FATTY_ACID_BETAOXIDATION	0.2578125	0.487987210375808	0.247168607433402	1.18580372812662	131	16
WP_GPCRS_NONODORANT	0.0466101694915254	0.202004008016032	0.189099259259259	1.59459947212168	21	54
WP_METAPATHWAY_BIOTRANSFORMATION	0.187755102040816	0.408333333333333	0.135137998361635	1.25858663286271	91	65
WP_EDA_SIGNALING_IN_HAIR_FOLLICLE_DEVELOPMENT	0.18125	0.406	-0.353297019618263	-1.27595326044435	86	9
WP_ONECARBON_METABOLISM_AND_RELATED_PATHWAYS	0.0888888888888889	0.298666666666667	0.205600629899695	1.44011401833236	43	35
WP_P38_MAPK_SIGNALING_PATHWAY	0.991786447638604	0.991786447638604	0.0715638064670683	0.469953249890674	482	31
WP_PROSTAGLANDIN_SYNTHESIS_AND_REGULATION	0.0458167330677291	0.202004008016032	0.324343472732477	1.60070881571462	22	17
WP_RETINOL_METABOLISM	0.658	0.80104347826087	-0.171121715017665	-0.845942728202089	328	17
WP_P53_SIGNALING	0.847422680412371	0.925090909090909	0.0797717338513841	0.702980489495265	410	58
WP_MIR193A_AND_MVP_IN_COLON_CANCER_METASTASIS	0.835365853658537	0.925090909090909	0.239480395282117	0.715396516955972	410	6
WP_CALCIUM_REGULATION_IN_CARDIAC_CELLS	0.613861386138614	0.763770319260905	0.0801740122664385	0.880050812115896	309	90
WP_MIRNAS_AND_TFS_IN_IPS_CELL_GENERATION	0.338677354709419	0.580589750930432	0.38943342098972	1.08906386078389	168	5
WP_TCA_CYCLE	0.0121703853955375	0.0973630831643002	0.296071542638135	1.90799403359668	5	30
WP_GPCRS_SMALL_LIGAND	0.185770750988142	0.408333333333333	0.390349429004087	1.26088041007296	93	7
WP_ONECARBON_METABOLISM	0.0704225352112676	0.257195345988977	0.252833200319234	1.47768107042276	34	24
WP_SEROTONIN_AND_ANXIETY	0.153225806451613	0.381348283878025	-0.39704425645288	-1.28459280304933	75	7
WP_ESC_PLURIPOTENCY_PATHWAYS	0.34349593495935	0.58290219265829	0.106791706743614	1.08428680197275	168	78
WP_IL7_SIGNALING_PATHWAY	0.256214149139579	0.487987210375808	-0.152265058972815	-1.16365369646652	133	41
WP_NUCLEAR_RECEPTORS	0.738430583501006	0.86150234741784	0.135049215216813	0.789293766203824	366	24
WP_NUCLEAR_RECEPTORS_IN_LIPID_METABOLISM_AND_TOXICITY	0.909090909090909	0.957079180648069	-0.158610742681539	-0.634952020747668	439	11
WP_LEPTININSULIN_SIGNALING_OVERLAP	0.960629921259842	0.969699878799515	0.127133770463648	0.561964083801753	487	13
WP_STATIN_PATHWAY	0.416334661354582	0.624100301834223	0.243342369638016	1.02094195217627	208	12
WP_WHITE_FAT_CELL_DIFFERENTIATION	0.811359026369168	0.921002138040678	0.116131378444781	0.712834487180886	399	27
WP_EXERCISEINDUCED_CIRCADIAN_REGULATION	0.0764818355640535	0.26583357000852	-0.191180684283467	-1.46105818012506	39	41
WP_GPCRS_ODORANT	0.0546558704453441	0.218623481781377	0.249352329823112	1.58259146317582	26	29
WP_OXIDATION_BY_CYTOCHROME_P450	0.683168316831683	0.813987781756899	0.175449988607883	0.799931818113895	344	14
WP_HISTONE_MODIFICATIONS	0.618290258449304	0.763770319260905	-0.312136425213164	-0.871587114829251	310	5
WP_ENDOCHONDRAL_OSSIFICATION	0.0432098765432099	0.202004008016032	0.211416321488264	1.62046239452717	20	44
WP_SELENIUM_METABOLISM_SELENOPROTEINS	0.432595573440644	0.624100301834223	0.137607179077415	1.01461826482241	214	39
WP_WNT_SIGNALING_IN_KIDNEY_DISEASE	0.949290060851927	0.966549880140144	0.0942083617903846	0.578267219112802	467	27
WP_IL3_SIGNALING_PATHWAY	0.5199203187251	0.687768610596982	0.0866010405401294	0.933948920088572	260	87
WP_TGFBETA_SIGNALING_PATHWAY	0.142566191446029	0.381348283878025	0.174011600536503	1.34645573115187	69	45
WP_TRANSLATION_FACTORS	0.0040650406504065	0.0402539834671139	0.277690104420128	2.1802316448915	1	46
WP_G_PROTEIN_SIGNALING_PATHWAYS	0.842629482071713	0.925090909090909	0.0734202782469398	0.70426744825978	422	69
WP_SYNTHESIS_AND_DEGRADATION_OF_KETONE_BODIES	0.274549098196393	0.499344348282192	0.407777512152363	1.14036373816315	136	5
WP_HEART_DEVELOPMENT	0.383983572895277	0.602890095760809	0.178303136722803	1.05032873206729	186	25
WP_FATTY_ACID_BIOSYNTHESIS	0.114	0.355039759295078	0.254888997807692	1.39061584596147	56	21
WP_PENTOSE_PHOSPHATE_PATHWAY	0.158102766798419	0.381348283878025	0.400664928440492	1.29420084093068	79	7
WP_GDNFRET_SIGNALING_AXIS	0.173228346456693	0.398662495955129	0.291241650463403	1.28736327626163	87	13
WP_ESTROGEN_METABOLISM	0.537074148296593	0.699445402432773	0.332727707387043	0.930484396217936	267	5
WP_NODLIKE_RECEPTOR_NLR_SIGNALING_PATHWAY	0.133858267716535	0.381155745362338	-0.389925075721345	-1.34705455848927	67	8
WP_TRIACYLGLYCERIDE_SYNTHESIS	0.109561752988048	0.353968740422924	0.285845661547701	1.41071336049541	54	17
WP_TRANSCRIPTIONAL_ACTIVATION_BY_NFE2L2_IN_RESPONSE_TO_PHYTOCHEMICALS	0.43	0.624100301834223	-0.240352415882634	-1.0177109688774	214	12
WP_SPHINGOLIPID_METABOLISM_INTEGRATED_PATHWAY	0.668008048289738	0.807376633904144	0.150117517337434	0.835014729178922	331	22
WP_403_WNT_SIGNALING_PATHWAY	0.570264765784114	0.72033444099046	0.120722201924248	0.911182937380179	279	42
WP_HYPOXIADEPENDENT_DIFFERENTIATION_OF_MYOBLASTS	0.53639846743295	0.699445402432773	0.253744298303884	0.932660856051046	279	9
WP_HEME_BIOSYNTHESIS	0.143724696356275	0.381348283878025	0.391100749242787	1.34407194119489	70	8
WP_EPO_RECEPTOR_SIGNALING	0.517102615694165	0.687768610596982	0.173533934944723	0.965266374379926	256	22
WP_FIBRIN_COMPLEMENT_RECEPTOR_3_SIGNALING_PATHWAY	0.00785854616895874	0.0694860924413194	-0.301761950388587	-1.9449768585807	3	30
WP_G13_SIGNALING_PATHWAY	0.3714859437751	0.600092678405932	0.156023940386212	1.06065843749182	184	33
WP_PARKINSONS_DISEASE	0.436105476673428	0.624100301834223	0.151044162274397	1.00845443692334	214	32
WP_OXIDATIVE_PHOSPHORYLATION	0.00205761316872428	0.0265906932573599	0.294098828045975	2.43968922319882	0	51
WP_PROTEASOME_DEGRADATION	0.0282258064516129	0.158064516129032	0.21782695307649	1.73570211929618	13	47
WP_TRYPTOPHAN_METABOLISM	0.177685950413223	0.403395130667858	0.224354904185446	1.26605663687512	85	23
WP_PTF1A_RELATED_REGULATORY_PATHWAY	0.252485089463221	0.487987210375808	-0.42106940792095	-1.17576367494454	126	5
WP_MICRORNAS_IN_CARDIOMYOCYTE_HYPERTROPHY	0.933601609657948	0.957079180648069	0.0639134010987337	0.621304543759559	463	71
WP_PRIMARY_FOCAL_SEGMENTAL_GLOMERULOSCLEROSIS_FSGS	0.501010101010101	0.673357575757576	0.107377349511251	0.946541796034648	247	57
WP_BMP_SIGNALING_PATHWAY_IN_EYELID_DEVELOPMENT	0.454545454545455	0.636363636363636	0.209357471356036	0.98192371109698	234	15
WP_GLUTATHIONE_METABOLISM	0.480412371134021	0.661551461889471	-0.20498710689316	-0.954086935394611	232	15
WP_PURINE_METABOLISM	0.00204918032786885	0.0265906932573599	0.207160482273486	2.73320217592058	0	129
WP_CYTOPLASMIC_RIBOSOMAL_PROTEINS	0.00202020202020202	0.0265906932573599	0.597567055850297	6.03613344572757	0	77
WP_G1_TO_S_CELL_CYCLE_CONTROL	0.0268041237113402	0.155279061500178	0.206361208000353	1.81853767003718	12	58
WP_FOCAL_ADHESION	0.00201612903225806	0.0265906932573599	0.169857035364936	2.41616945868586	0	150
WP_CYTOKINES_AND_INFLAMMATORY_RESPONSE	0.00196850393700787	0.0265906932573599	-0.595946915351506	-2.05878785163219	0	8
WP_IL2_SIGNALING_PATHWAY	0.124015748031496	0.359926545602938	-0.139709476960517	-1.35019522691763	62	67
WP_EICOSANOID_LIPID_SYNTHESIS_MAP	0.963927855711423	0.969699878799515	0.202581879034186	0.566527142804339	480	5
WP_FOCAL_ADHESION_PI3KAKTMTOR_SIGNALING_PATHWAY	0.0137795275590551	0.0974155069582505	0.105645461477039	1.84143454256038	6	216
WP_EICOSANOID_METABOLISM_VIA_CYCLOOXYGENASES_COX	0.392649903288201	0.60518517204053	0.219049897652657	1.02738291127297	202	15
WP_EUKARYOTIC_TRANSCRIPTION_INITIATION	0.156576200417537	0.381348283878025	0.180165798301474	1.3351229449134	74	41
WP_CHOLESTEROL_METABOLISM_WITH_BLOCH_AND_KANDUTSCHRUSSELL_PATHWAYS	0.00407331975560081	0.0402539834671139	0.281178884536467	2.17568782423559	1	45
WP_CHOLESTEROL_BIOSYNTHESIS	0.00193423597678917	0.0265906932573599	0.47900151527235	2.24660215109989	0	15
WP_DELTANOTCH_SIGNALING_PATHWAY	0.159763313609467	0.381348283878025	-0.127637733887734	-1.27574462784307	80	74
WP_EBV_LMP1_SIGNALING	0.382936507936508	0.602890095760809	-0.206977238885344	-1.04952658945871	192	18
WP_HEDGEHOG_SIGNALING_PATHWAY	0.678916827852998	0.813987781756899	0.17221469016668	0.807717472792297	350	15
WP_ALPHA_6_BETA_4_INTEGRIN_SIGNALING_PATHWAY	0.309572301425662	0.547454175152749	0.123872792273625	1.11240956144052	151	60
WP_NEURAL_CREST_DIFFERENTIATION	0.336755646817248	0.580589750930432	0.126661769305181	1.08794119872402	163	55
WP_SREBF_AND_MIR33_IN_CHOLESTEROL_AND_LIPID_HOMEOSTASIS	0.0363984674329502	0.181512605042017	0.454691997697179	1.67126288411786	18	9
WP_GLYCOLYSIS_AND_GLUCONEOGENESIS	0.00205338809034908	0.0265906932573599	0.432659390592278	2.84123632800509	0	31
WP_IL5_SIGNALING_PATHWAY	0.154716981132075	0.381348283878025	-0.152124444444444	-1.33159849124925	81	54
WP_SPHINGOLIPID_METABOLISM_OVERVIEW	0.848	0.925090909090909	0.130592378976644	0.71248203386065	423	21
WP_MISMATCH_REPAIR	0.00574712643678161	0.053639846743295	0.513210220982242	1.88635207661775	2	9
WP_ROBO4_AND_VEGF_SIGNALING_PATHWAYS_CROSSTALK	0.276422764227642	0.499344348282192	0.382663903942195	1.14312665854141	135	6
WP_ESTROGEN_SIGNALING	0.124260355029586	0.359926545602938	-0.13270097020097	-1.32635189208511	62	74
WP_IRON_HOMEOSTASIS	0.0229166666666667	0.142592592592593	-0.473203135379301	-1.70900134988995	10	9
WP_BLOOD_CLOTTING_CASCADE	0.00404858299595142	0.0402539834671139	0.616889845369042	2.1200274700928	1	8
WP_FATTY_ACID_BETAOXIDATION	0.0527383367139959	0.216098550437837	0.247444905780901	1.59462608147684	25	30
WP_HYPERTROPHY_MODEL	0.00193423597678917	0.0265906932573599	0.416880665656485	1.95524433713597	0	15
WP_GPCRS_OTHER	0.232931726907631	0.477225977079048	0.237103807700489	1.19690736406194	115	18
WP_TOLLLIKE_RECEPTOR_SIGNALING	0.00194174757281553	0.0265906932573599	-0.418842233516137	-2.75275409133266	0	31
WP_OXIDATIVE_STRESS_RESPONSE	0.93429158110883	0.957079180648069	0.103855056269455	0.611778073987876	454	25
WP_AMINO_ACID_METABOLISM	0.00205338809034908	0.0265906932573599	0.265128451637024	2.57820295544391	0	72
WP_CHEMOKINE_SIGNALING_PATHWAY	0.048	0.202004008016032	-0.125546901780679	-1.52900770988251	23	109
WP_OXIDATIVE_DAMAGE_RESPONSE	0.0469667318982387	0.202004008016032	-0.266179143334316	-1.60244635152072	23	26
WP_MRNA_PROCESSING	0.0134615384615385	0.0974155069582505	0.0842289555459054	1.90276911423989	6	389
WP_KIT_RECEPTOR_SIGNALING_PATHWAY	0.161165048543689	0.381348283878025	-0.144018285280214	-1.30279615423721	82	59
WP_OVARIAN_INFERTILITY	0.767010309278351	0.876583210603829	-0.165754844883962	-0.77148526255641	371	15
WP_MECP2_AND_ASSOCIATED_RETT_SYNDROME	0.00388349514563107	0.0402539834671139	-0.352172647489909	-2.31458200405178	1	31
WP_ERBB_SIGNALING_PATHWAY	0.465163934426229	0.645847446145509	0.138136458740437	0.990190335572355	226	37
WP_HOMOLOGOUS_RECOMBINATION	0.930278884462151	0.957079180648069	0.143079253707543	0.600288444685557	466	12
WP_SIGNAL_TRANSDUCTION_OF_S1P_RECEPTOR	0.421052631578947	0.624100301834223	0.191391415350247	1.01473873425541	207	20
WP_NUCLEOTIDE_GPCRS	0.0139165009940358	0.0974155069582505	-0.64889632640051	-1.81193103805325	6	5
WP_SPINAL_CORD_INJURY	0.106508875739645	0.35085276714236	-0.151436018059987	-1.4080368803732	53	63
WP_FOLIC_ACID_NETWORK	0.244140625	0.487987210375808	0.250209363534854	1.20039190726016	124	16
WP_INSULIN_SIGNALING	0.379591836734694	0.602890095760809	0.0753533958050158	1.04297186621479	185	141
WP_DYSREGULATED_MIRNA_TARGETING_IN_INSULINPI3KAKT_SIGNALING	0.564681724845996	0.718685831622177	0.155849628861042	0.918062049178977	274	25
WP_TYPE_II_INTERFERON_SIGNALING_IFNG	0.0118110236220472	0.0973630831643002	-0.349082495611935	-1.86529953183528	5	20
WP_GPCRS_PEPTIDE	0.0775347912524851	0.26583357000852	-0.520232687863575	-1.45266002564495	38	5
WP_ALANINE_AND_ASPARTATE_METABOLISM	0.00193050193050193	0.0265906932573599	0.536452784240395	2.15235101307314	0	11
WP_EICOSANOID_SYNTHESIS	0.239583333333333	0.484939759036145	-0.333793897524467	-1.20551657164547	114	9
WP_ALZHEIMERS_DISEASE	0.114119922630561	0.355039759295078	-0.159513113161729	-1.43233193028027	58	58
WP_EICOSANOID_METABOLISM_VIA_LIPOXYGENASES_LOX	0.818897637795276	0.922982791586998	0.160758864769709	0.710595680627208	415	13
WP_APOPTOSIS_MODULATION_BY_HSP70	0.0309278350515464	0.167608912537413	-0.365903713746444	-1.70305322217073	14	15
WP_PEROXIREDOXIN_2_INDUCED_OVARIAN_FAILURE	0.258517034068136	0.487987210375808	0.417818152840864	1.16844273273217	128	5
WP_TYROBP_CAUSAL_NETWORK_IN_MICROGLIA	0.365079365079365	0.600092678405932	-0.150603017611142	-1.08456895642932	183	38
WP_FAS_PATHWAY_AND_STRESS_INDUCTION_OF_HSP_REGULATION	0.438356164383562	0.624100301834223	-0.149079120466078	-1.02868432620423	223	34
WP_ADIPOGENESIS_GENES	0.171314741035857	0.398662495955129	-0.112630115638211	-1.26826675839572	85	93
WP_NOTCH_SIGNALING_PATHWAY	0.824091778202677	0.922982791586998	-0.0944188775380921	-0.721576418152748	430	41
WP_APOPTOSIS	0.00196850393700787	0.0265906932573599	-0.220623478268145	-2.13217294763619	0	67
WP_MITOCHONDRIAL_GENE_EXPRESSION	0.63	0.772554744525548	-0.174617250585326	-0.863222959961859	314	17
WP_MYOMETRIAL_RELAXATION_AND_CONTRACTION_PATHWAYS	0.576612903225806	0.722917669715937	0.074901507625979	0.898744560693982	285	107
WP_MAPK_CASCADE	0.30142566191446	0.538718204272652	0.188875380685726	1.13976650382297	147	26
WP_539_WNT_SIGNALING_PATHWAY	0.362376237623762	0.600092678405932	0.0959260447867637	1.05295707712755	182	90
WP_BURN_WOUND_HEALING	0.036734693877551	0.181512605042017	-0.344851650981018	-1.64992406130111	17	16
WP_SELENIUM_MICRONUTRIENT_NETWORK	0.877551020408163	0.941571793971613	-0.143762960599777	-0.687826104769068	429	16
WP_KENNEDY_PATHWAY	0.747011952191235	0.864115887261849	0.187463456120768	0.786502190877604	374	12
WP_MATRIX_METALLOPROTEINASES	0.0257425742574257	0.154455445544554	0.371314650262019	1.69294056746992	12	14
WP_FATTY_ACID_OXIDATION	0.123339658444023	0.359926545602938	0.357860331632653	1.37488802752834	64	10
WP_MECHANISMS_ASSOCIATED_WITH_PLURIPOTENCY	0.189583333333333	0.408333333333333	-0.0683160687147928	-1.22758072745126	90	242
WP_NOVEL_JUNDMP1_PATHWAY	0.231388329979879	0.477225977079048	0.207368981111998	1.21196590319291	114	24
WP_GLYCOGEN_METABOLISM	0.42393509127789	0.624100301834223	0.157899499627382	1.01756251381838	208	30
WP_OSTEOCLAST_SIGNALING	0.75095785440613	0.864115887261849	0.207785306230902	0.763734290305335	391	9
WP_NONHOMOLOGOUS_END_JOINING	0.899209486166008	0.956121478961325	0.202176957496954	0.653058378300827	454	7
WP_MAPK_SIGNALING_PATHWAY	0.493852459016393	0.669090428344791	0.0694508919689635	0.940397722560138	240	136
WP_GPCRS_ORPHAN	0.356573705179283	0.599043824701195	0.253906872907032	1.06526528397947	178	12
WP_GPCRS_CLASS_B_SECRETINLIKE	0.879032258064516	0.941571793971613	-0.210420248437304	-0.680791454265734	435	7
WP_GLYCEROLIPIDS_AND_GLYCEROPHOSPHOLIPIDS	0.0480961923847695	0.202004008016032	0.310137929586631	1.61245657327633	23	19
WP_GPCRS_CLASS_A_RHODOPSINLIKE	0.0156555772994129	0.105205479452055	-0.298727772865704	-1.79839495961306	7	26
WP_PPAR_SIGNALING_PATHWAY	0.0704225352112676	0.257195345988977	0.204636487497055	1.50884509991159	34	39
WP_IL1_SIGNALING_PATHWAY	0.369047619047619	0.600092678405932	-0.158717596861515	-1.06573635840372	185	33
