pathway	pval	padj	ES	NES	nMoreExtreme	size
BIOCARTA_RELA_PATHWAY	0.279843444227006	0.76649016790347	-0.2409655209081	-1.14819320499033	142	15
BIOCARTA_CSK_PATHWAY	0.577319587628866	0.839002267573696	-0.235126876577654	-0.878849496483028	279	9
BIOCARTA_SRCRPTP_PATHWAY	0.0688336520076482	0.458891013384321	0.382573341836735	1.53121584287782	35	10
BIOCARTA_ARAP_PATHWAY	0.025440313111546	0.396396396396396	0.416168380770151	1.74715701121015	12	11
BIOCARTA_AGR_PATHWAY	0.580851063829787	0.839002267573696	-0.145053541605266	-0.897295073470341	272	26
BIOCARTA_AKAP95_PATHWAY	0.173996175908222	0.588910133843212	0.326642219387755	1.30735648981195	90	10
BIOCARTA_AKT_PATHWAY	0.337423312883436	0.76649016790347	-0.207163101211345	-1.09460575487618	164	19
BIOCARTA_AT1R_PATHWAY	0.523452157598499	0.830357142857143	0.155925778132482	0.936825138352271	278	24
BIOCARTA_ACE2_PATHWAY	0.138401559454191	0.574497039243812	0.46521635190055	1.3059207827304	70	5
BIOCARTA_DNAFRAGMENT_PATHWAY	0.957446808510638	0.993576876756323	0.152349320224968	0.575935420493354	494	9
BIOCARTA_CHEMICAL_PATHWAY	0.901574803149606	0.967543691184943	0.128474438062823	0.663672914710174	457	18
BIOCARTA_ATM_PATHWAY	0.391732283464567	0.770609613708497	0.202722824930866	1.04722503658166	198	18
BIOCARTA_AGPCR_PATHWAY	0.776290630975143	0.908921471172962	0.18890306122449	0.756067735212186	405	10
BIOCARTA_BCELLSURVIVAL_PATHWAY	0.956349206349206	0.993576876756323	0.113365369277397	0.558644663693669	481	16
BIOCARTA_BCR_PATHWAY	0.706382978723404	0.903855607837629	-0.131005010315355	-0.810391453080054	331	26
BIOCARTA_BIOPEPTIDES_PATHWAY	0.40188679245283	0.770609613708497	0.168310320057467	1.02798234611459	212	25
BIOCARTA_CDMAC_PATHWAY	0.714867617107943	0.903855607837629	0.17007735864104	0.804579611707148	350	15
BIOCARTA_CASPASE_PATHWAY	0.51875	0.830357142857143	-0.175737992659965	-0.954448171941071	248	20
BIOCARTA_CBL_PATHWAY	0.321223709369025	0.76649016790347	0.274760841836735	1.09970588123832	167	10
BIOCARTA_CCR3_PATHWAY	0.249003984063745	0.760845506861443	0.254887218045113	1.18227974828375	124	14
BIOCARTA_CD40_PATHWAY	0.120792079207921	0.531485148514852	-0.310863444824054	-1.37861439862488	60	13
BIOCARTA_MCM_PATHWAY	0.346076458752515	0.76649016790347	0.241221102476186	1.08860174427933	171	13
BIOCARTA_G1_PATHWAY	0.440900562851782	0.775984990619137	0.167883745677042	1.00867037608984	234	24
BIOCARTA_G2_PATHWAY	0.0641509433962264	0.455264759586123	0.264212953991937	1.48379618135808	33	21
BIOCARTA_CELL2CELL_PATHWAY	0.79324055666004	0.908921471172962	0.242269684411858	0.749811697071646	398	6
BIOCARTA_CERAMIDE_PATHWAY	0.528409090909091	0.830357142857143	0.165075588312103	0.95494239367772	278	22
BIOCARTA_VDR_PATHWAY	0.634469696969697	0.883438818565401	0.149914400951745	0.867236751087351	334	22
BIOCARTA_HDAC_PATHWAY	0.194274028629857	0.633839706652698	-0.236004450695946	-1.24699730983766	94	19
BIOCARTA_GCR_PATHWAY	0.766	0.908921471172962	-0.167851446798815	-0.768223328401501	382	14
BIOCARTA_CTCF_PATHWAY	0.00211864406779661	0.0932203389830508	-0.38657563081085	-2.16134911804963	0	21
BIOCARTA_CTL_PATHWAY	0.00400801603206413	0.146960587842351	-0.624880459037297	-1.93798265710054	1	6
BIOCARTA_CXCR4_PATHWAY	0.706692913385827	0.903855607837629	0.158990994823796	0.821315263475067	358	18
BIOCARTA_CELLCYCLE_PATHWAY	0.290566037735849	0.76649016790347	0.203888401287268	1.14501892008855	153	21
BIOCARTA_CFTR_PATHWAY	0.406189555125725	0.770609613708497	0.272255435986006	1.02922381783299	209	9
BIOCARTA_CYTOKINE_PATHWAY	0.0501002004008016	0.414061974860523	-0.51322919987249	-1.5917113010748	24	6
BIOCARTA_INFLAM_PATHWAY	0.107216494845361	0.499857994887816	-0.387511624817324	-1.44842819038405	51	9
BIOCARTA_D4GDI_PATHWAY	0.55741127348643	0.839002267573696	-0.231536989795918	-0.906488570552503	266	10
BIOCARTA_P35ALZHEIMERS_PATHWAY	0.503006012024048	0.828596230853239	-0.305254489427266	-0.946705722600958	250	6
BIOCARTA_RNA_PATHWAY	0.688659793814433	0.903855607837629	-0.217235729152828	-0.81197655479863	333	9
BIOCARTA_MTA3_PATHWAY	0.00198412698412698	0.0932203389830508	0.531593954378689	2.61960180395832	0	16
BIOCARTA_SKP2E2F_PATHWAY	0.412429378531073	0.770609613708497	0.279611031404432	1.00614581575973	218	8
BIOCARTA_CALCINEURIN_PATHWAY	0.0140562248995984	0.34359660865685	-0.376405726591163	-1.83802585330633	6	16
BIOCARTA_EGF_PATHWAY	0.414893617021277	0.770609613708497	-0.158362035537511	-1.02535721514326	194	28
BIOCARTA_NDKDYNAMIN_PATHWAY	0.391566265060241	0.770609613708497	0.243329080954659	1.04581751345602	194	12
BIOCARTA_EPHA4_PATHWAY	0.0516528925619835	0.414061974860523	-0.485135889057145	-1.59677715566674	24	7
BIOCARTA_EPO_PATHWAY	0.77710843373494	0.908921471172962	-0.148403079824895	-0.744259332470059	386	17
BIOCARTA_ECM_PATHWAY	0.777777777777778	0.908921471172962	0.138112334450295	0.759573656536611	405	20
BIOCARTA_ERK_PATHWAY	0.5046904315197	0.828596230853239	0.158320031923384	0.951210169267468	268	24
BIOCARTA_ERYTH_PATHWAY	0.0516528925619835	0.414061974860523	-0.485352218515525	-1.5974891828431	24	7
BIOCARTA_EPONFKB_PATHWAY	0.0424628450106157	0.414061974860523	-0.463334927466922	-1.61700533436394	19	8
BIOCARTA_EIF_PATHWAY	0.187620889748549	0.625402965828498	0.337354413002081	1.27532144823972	96	9
BIOCARTA_EXTRINSIC_PATHWAY	0.12678936605317	0.536416548686487	-0.472021675033867	-1.32959690841564	61	5
BIOCARTA_FAS_PATHWAY	0.827184466019418	0.923759302153664	0.113355152869801	0.713791380220295	425	27
BIOCARTA_FCER1_PATHWAY	0.0683760683760684	0.458891013384321	-0.220237382207315	-1.51695884365169	31	32
BIOCARTA_FIBRINOLYSIS_PATHWAY	0.00194931773879142	0.0932203389830508	0.756809307514543	2.12445886566412	0	5
BIOCARTA_FMLP_PATHWAY	0.706382978723404	0.903855607837629	-0.131005010315355	-0.810391453080054	331	26
BIOCARTA_FREE_PATHWAY	0.995753715498938	0.995753715498938	-0.136975928582815	-0.478036068657223	468	8
BIOCARTA_GABA_PATHWAY	0.431492842535787	0.77530815630737	-0.357000557813372	-1.00560390142521	210	5
BIOCARTA_GATA3_PATHWAY	0.355899419729207	0.767626199415937	0.283734112749657	1.0726173591945	183	9
BIOCARTA_SET_PATHWAY	0.687382297551789	0.903855607837629	0.224673202614379	0.80845881361823	364	8
BIOCARTA_GH_PATHWAY	0.432489451476793	0.77530815630737	-0.175042799524127	-1.00030069958446	204	22
BIOCARTA_HIVNEF_PATHWAY	0.169014084507042	0.585546092184369	-0.146637325617724	-1.30230529880588	83	53
BIOCARTA_MPR_PATHWAY	0.051792828685259	0.414061974860523	0.34168375484165	1.58488050819141	25	14
BIOCARTA_HCMV_PATHWAY	0.305220883534137	0.76649016790347	-0.225788137700641	-1.13235472500314	151	17
BIOCARTA_IGF1_PATHWAY	0.788679245283019	0.908921471172962	0.135083379877124	0.758616109461221	417	21
BIOCARTA_IL2_PATHWAY	0.713701431492842	0.903855607837629	-0.154628093968467	-0.817021952914022	348	19
BIOCARTA_IL3_PATHWAY	0.197183098591549	0.633839706652698	0.275563842902971	1.24358639010077	97	13
BIOCARTA_IL4_PATHWAY	0.471816283924843	0.804647926073376	-0.246444515306122	-0.964852901461923	225	10
BIOCARTA_IL6_PATHWAY	0.867088607594937	0.952957221613938	-0.116320401590111	-0.664725309483501	410	22
BIOCARTA_IL10_PATHWAY	0.344329896907216	0.76649016790347	-0.289712590230725	-1.08287817945379	166	9
BIOCARTA_IL12_PATHWAY	0.109278350515464	0.499857994887816	-0.38623621628803	-1.44366101038279	52	9
BIOCARTA_IL2RB_PATHWAY	0.547368421052632	0.83049001814882	-0.134696050250186	-0.903135739898989	259	30
BIOCARTA_IL22BP_PATHWAY	0.575257731958763	0.839002267573696	-0.23595057791949	-0.881928300233844	278	9
BIOCARTA_IL7_PATHWAY	0.0910891089108911	0.499857994887816	-0.331362362221145	-1.4695228124329	45	13
BIOCARTA_GSK3_PATHWAY	0.0291666666666667	0.401041666666667	-0.307691080261688	-1.67109675394195	13	20
BIOCARTA_DEATH_PATHWAY	0.0251572327044025	0.396396396396396	-0.254500653864684	-1.685280519963	11	29
BIOCARTA_RACCYCD_PATHWAY	0.911320754716981	0.973255174940465	0.104589352701732	0.638796290876418	482	25
BIOCARTA_GLEEVEC_PATHWAY	0.579654510556622	0.839002267573696	0.155728575740858	0.914720737935774	301	23
BIOCARTA_INSULIN_PATHWAY	0.661016949152542	0.903855607837629	-0.150570113946799	-0.841839363492577	311	21
BIOCARTA_INTEGRIN_PATHWAY	0.16888045540797	0.585546092184369	0.188342382625359	1.26149374392119	88	30
BIOCARTA_INTRINSIC_PATHWAY	0.0414312617702448	0.414061974860523	0.456798979754503	1.64373479763941	21	8
BIOCARTA_KERATINOCYTE_PATHWAY	0.785263157894737	0.908921471172962	-0.0934950066983315	-0.741638664290644	372	42
BIOCARTA_PYK2_PATHWAY	0.311320754716981	0.76649016790347	0.182064011493335	1.11198522832141	164	25
BIOCARTA_EGFR_SMRTE_PATHWAY	0.283757338551859	0.76649016790347	0.273669486058867	1.14891852292379	144	11
BIOCARTA_MAPK_PATHWAY	0.969230769230769	0.995753715498938	0.0570708572921251	0.575963213768705	503	73
BIOCARTA_MCALPAIN_PATHWAY	0.00992063492063492	0.310734463276836	0.388808023608231	1.91597777147035	4	16
BIOCARTA_ETS_PATHWAY	0.619047619047619	0.867455262359721	0.178497368001276	0.879603733952286	311	16
BIOCARTA_MONOCYTE_PATHWAY	0.103305785123967	0.499857994887816	-0.426419519748602	-1.40351798995589	49	7
BIOCARTA_MTOR_PATHWAY	0.265848670756646	0.76649016790347	-0.22080490416308	-1.16668613951293	129	19
BIOCARTA_IGF1R_PATHWAY	0.10188679245283	0.499857994887816	0.246476919978875	1.38419220985174	53	21
BIOCARTA_PITX2_PATHWAY	0.0613861386138614	0.45016501650165	-0.349174706961167	-1.54851683807578	30	13
BIOCARTA_NGF_PATHWAY	0.587044534412955	0.839002267573696	-0.174377791959158	-0.90559314252785	289	18
BIOCARTA_VIP_PATHWAY	0.641949152542373	0.888231531819635	-0.152967594122944	-0.855243704716525	302	21
BIOCARTA_NFAT_PATHWAY	0.413919413919414	0.770609613708497	0.142853786882165	1.02301453573995	225	34
BIOCARTA_NTHI_PATHWAY	0.0190677966101695	0.396396396396396	-0.315019776361833	-1.76127945359542	8	21
BIOCARTA_NFKB_PATHWAY	0.447916666666667	0.779872635442482	-0.184561991383437	-1.0023720688933	214	20
BIOCARTA_NOS1_PATHWAY	0.700587084148728	0.903855607837629	-0.16766355637079	-0.798911626127927	357	15
BIOCARTA_RARRXR_PATHWAY	0.58648111332008	0.839002267573696	0.294416108808841	0.911202087570729	294	6
BIOCARTA_NUCLEARRS_PATHWAY	0.773809523809524	0.908921471172962	-0.173789400946154	-0.749538334764637	389	12
BIOCARTA_ARENRF2_PATHWAY	0.862204724409449	0.952957221613938	0.135051052967454	0.697646374711205	437	18
BIOCARTA_P38MAPK_PATHWAY	0.790262172284644	0.908921471172962	0.110717569993792	0.755606906934125	421	31
BIOCARTA_P53_PATHWAY	0.488798370672098	0.827197242675858	0.203790839248212	0.964066914149707	239	15
BIOCARTA_PDGF_PATHWAY	0.387840670859539	0.770609613708497	-0.157249638653727	-1.04129301347591	184	29
BIOCARTA_CCR5_PATHWAY	0.667330677290837	0.903855607837629	0.180451127819549	0.837012211174338	334	14
BIOCARTA_PTDINS_PATHWAY	0.938613861386139	0.983309759547383	-0.134506510951771	-0.596508260441685	473	13
BIOCARTA_PLCE_PATHWAY	0.27151051625239	0.76649016790347	0.288982780612245	1.15662792882519	141	10
BIOCARTA_EDG1_PATHWAY	0.974658869395711	0.995753715498938	0.105221170197132	0.560266782061466	499	19
BIOCARTA_CDK5_PATHWAY	0.124282982791587	0.536122670865669	0.347927295918367	1.39254811932818	64	10
BIOCARTA_PLATELETAPP_PATHWAY	0.0815109343936382	0.4972554084598	0.469556901498247	1.45325346024544	40	6
BIOCARTA_PS1_PATHWAY	0.0753968253968254	0.487861811391223	-0.349146866528464	-1.50583959379156	37	12
BIOCARTA_AKAPCENTROSOME_PATHWAY	0.710843373493976	0.903855607837629	0.190081326742146	0.81696104595461	353	12
BIOCARTA_PTEN_PATHWAY	0.423694779116466	0.77530815630737	-0.209881958845111	-1.02487406340365	210	16
BIOCARTA_RAB_PATHWAY	0.346555323590814	0.76649016790347	-0.268574617346939	-1.05149428253387	165	10
BIOCARTA_RAC1_PATHWAY	0.263157894736842	0.76649016790347	-0.225776430546692	-1.17252079493809	129	18
BIOCARTA_RAS_PATHWAY	0.319915254237288	0.76649016790347	-0.198268950921947	-1.10852414911134	150	21
BIOCARTA_NKCELLS_PATHWAY	0.545634920634921	0.83049001814882	-0.209815021527667	-0.904913654044874	274	12
BIOCARTA_RB_PATHWAY	0.0215264187866928	0.396396396396396	0.435259072427214	1.82730350315595	10	11
BIOCARTA_BAD_PATHWAY	0.148305084745763	0.580023660638837	-0.237814075602315	-1.32962142876085	69	21
BIOCARTA_CK1_PATHWAY	0.713414634146341	0.903855607837629	-0.193407405796786	-0.801562989512469	350	11
BIOCARTA_EIF2_PATHWAY	0.103092783505155	0.499857994887816	-0.389637305699482	-1.45637349038616	49	9
BIOCARTA_EIF4_PATHWAY	0.609433962264151	0.859458151910982	0.157040650777186	0.88192616758786	322	21
BIOCARTA_P27_PATHWAY	0.776908023483366	0.908921471172962	0.179774303668109	0.754728012992975	396	11
BIOCARTA_PGC1A_PATHWAY	0.385567010309278	0.770609613708497	-0.278774190691289	-1.04199298985962	186	9
BIOCARTA_PML_PATHWAY	0.299196787148594	0.76649016790347	-0.230339767107992	-1.12477153528776	148	16
BIOCARTA_DREAM_PATHWAY	0.407045009784736	0.770609613708497	0.245779971443688	1.03183283537352	207	11
BIOCARTA_RHO_PATHWAY	0.0857699805068226	0.4972554084598	0.267096340772154	1.42219676006688	43	19
BIOCARTA_AKAP13_PATHWAY	0.208747514910537	0.656063618290258	0.393236637976836	1.2170463324289	104	6
BIOCARTA_ATRBRCA_PATHWAY	0.0545808966861598	0.414061974860523	0.287263031931644	1.52957750045959	27	19
BIOCARTA_CARDIACEGF_PATHWAY	0.0337301587301587	0.414061974860523	0.332459323656085	1.63830125760204	16	16
BIOCARTA_HER2_PATHWAY	0.785416666666667	0.908921471172962	-0.136612414233285	-0.741953786178189	376	20
BIOCARTA_ERK5_PATHWAY	0.342574257425743	0.76649016790347	-0.244919740175302	-1.08616785258956	172	13
BIOCARTA_MAL_PATHWAY	0.825396825396825	0.923759302153664	0.145059020577445	0.714825420520876	415	16
BIOCARTA_MEF2D_PATHWAY	0.741035856573705	0.908921471172962	0.169958988380041	0.78834502389583	371	14
BIOCARTA_MITOCHONDRIA_PATHWAY	0.110429447852761	0.499857994887816	-0.257426574013814	-1.36018725210195	53	19
BIOCARTA_ACH_PATHWAY	0.537284894837476	0.83049001814882	0.224776785714286	0.899649133273244	280	10
BIOCARTA_PARKIN_PATHWAY	0.991983967935872	0.995753715498938	-0.151312294123898	-0.469274718991825	494	6
BIOCARTA_CDC42RAC_PATHWAY	0.870656370656371	0.952957221613938	0.204511038495258	0.680293556797512	450	7
BIOCARTA_RANMS_PATHWAY	0.00193423597678917	0.0932203389830508	0.660581905141491	2.49723803654763	0	9
BIOCARTA_BARR_MAPK_PATHWAY	0.160541586073501	0.580023660638837	0.347548824232762	1.3138600023347	82	9
BIOCARTA_TOB1_PATHWAY	0.024390243902439	0.396396396396396	-0.418755843534605	-1.7355032731895	11	11
BIOCARTA_BARRESTIN_SRC_PATHWAY	0.348336594911937	0.76649016790347	0.256615424757018	1.07732220722582	177	11
BIOCARTA_NKT_PATHWAY	0.157112526539278	0.580023660638837	-0.376952813645783	-1.31553801437135	73	8
BIOCARTA_IL1R_PATHWAY	0.0829787234042553	0.4972554084598	-0.230511346890657	-1.42593344261021	38	26
BIOCARTA_MET_PATHWAY	0.519230769230769	0.830357142857143	-0.136829523998424	-0.929282090162855	242	31
BIOCARTA_GPCR_PATHWAY	0.924812030075188	0.982892012640296	0.101802731113076	0.642568540009288	491	26
BIOCARTA_IGF1MTOR_PATHWAY	0.400793650793651	0.770609613708497	0.204674164473159	1.03547742303763	201	17
BIOCARTA_SODD_PATHWAY	0.536534446764092	0.83049001814882	-0.234454719387755	-0.917911749757235	256	10
BIOCARTA_SHH_PATHWAY	0.220883534136546	0.684427852254087	0.281321426673045	1.20910691714619	109	12
BIOCARTA_PTC1_PATHWAY	0.292543021032505	0.76649016790347	0.28249362244898	1.13065564926481	152	10
BIOCARTA_SPRY_PATHWAY	0.0535714285714286	0.414061974860523	0.315092119955336	1.55271872271906	26	16
BIOCARTA_BARRESTIN_PATHWAY	0.309941520467836	0.76649016790347	0.393417802215316	1.10437322787598	158	5
BIOCARTA_STATHMIN_PATHWAY	0.694164989939638	0.903855607837629	0.178779756245668	0.806811479149429	344	13
BIOCARTA_HSP27_PATHWAY	0.504065040650406	0.828596230853239	-0.226413863582005	-0.938355863945288	247	11
BIOCARTA_TCR_PATHWAY	0.0921052631578947	0.499857994887816	-0.203683518135689	-1.44485359045585	41	34
BIOCARTA_TALL1_PATHWAY	0.544329896907216	0.83049001814882	-0.242106195474071	-0.904936564823278	263	9
BIOCARTA_TEL_PATHWAY	0.587301587301587	0.839002267573696	0.177929798385016	0.900173647160447	295	17
BIOCARTA_TGFB_PATHWAY	0.198795180722892	0.633839706652698	-0.247601218041656	-1.24174995206227	98	17
BIOCARTA_TH1TH2_PATHWAY	0.152304609218437	0.580023660638837	-0.43018807778132	-1.33417043527978	75	6
BIOCARTA_41BB_PATHWAY	0.046	0.414061974860523	-0.357051720209615	-1.63415607158679	22	14
BIOCARTA_CTLA4_PATHWAY	0.102249488752556	0.499857994887816	-0.493919834249741	-1.39127993344056	49	5
BIOCARTA_LONGEVITY_PATHWAY	0.877263581488934	0.955435583799829	0.147086786110787	0.663784927093811	435	13
BIOCARTA_PAR1_PATHWAY	0.892857142857143	0.966008024831554	0.130005771152682	0.65771877579035	449	17
BIOCARTA_STRESS_PATHWAY	0.151385927505331	0.580023660638837	-0.219712689545092	-1.32388726784864	70	24
BIOCARTA_TNFR1_PATHWAY	0.936170212765957	0.983309759547383	-0.0923678748203736	-0.598060428896708	439	28
BIOCARTA_TNFR2_PATHWAY	0.106425702811245	0.499857994887816	-0.283776492171408	-1.42317331205924	52	17
BIOCARTA_TOLL_PATHWAY	0.461538461538462	0.793269230769231	-0.170144996929354	-1.00864110971502	221	23
BIOCARTA_TPO_PATHWAY	0.330561330561331	0.76649016790347	-0.187128963648413	-1.10932421734696	158	23
BIOCARTA_CREB_PATHWAY	0.331288343558282	0.76649016790347	-0.208544496462536	-1.10190475350514	161	19
BIOCARTA_CARM1_PATHWAY	0.416829745596869	0.770609613708497	0.243511411653005	1.02230897357434	212	11
BIOCARTA_TFF_PATHWAY	0.788679245283019	0.908921471172962	0.135083379877124	0.758616109461221	417	21
BIOCARTA_TRKA_PATHWAY	0.436991869918699	0.77530815630737	-0.239387416378567	-0.992123814150547	214	11
BIOCARTA_ARF_PATHWAY	0.450199203187251	0.779872635442482	0.215527455001139	0.999711743889349	225	14
BIOCARTA_UCALPAIN_PATHWAY	0.435203094777563	0.77530815630737	0.265860679332182	1.00504932951276	224	9
BIOCARTA_VITCB_PATHWAY	0.306949806949807	0.76649016790347	0.33348893873322	1.10933071365099	158	7
BIOCARTA_WNT_PATHWAY	0.155419222903885	0.580023660638837	-0.244737891797703	-1.29314295466512	75	19
BIOCARTA_ACTINY_PATHWAY	0.493801652892562	0.828596230853239	-0.286647918113607	-0.943473483796047	238	7
BIOCARTA_EICOSANOID_PATHWAY	0.608433734939759	0.859458151910982	0.204087599000691	0.877159378060046	302	12
BIOCARTA_CHREBP_PATHWAY	0.808880308880309	0.920397496022974	0.218743239704426	0.727636110299176	418	7
BIOCARTA_LIS1_PATHWAY	0.347222222222222	0.76649016790347	-0.250837187051507	-1.08183863029647	174	12
BIOCARTA_HSWI_SNF_PATHWAY	0.577437858508604	0.839002267573696	0.218941326530612	0.876293225855311	301	10
BIOCARTA_PCAF_PATHWAY	0.160824742268041	0.580023660638837	-0.353297019618263	-1.32054196576681	77	9
BIOCARTA_LYMPHOCYTE_PATHWAY	0.398797595190381	0.770609613708497	-0.33110190202954	-1.02686799464784	198	6
BIOCARTA_AMAN_PATHWAY	0.0858895705521472	0.4972554084598	-0.515339867718543	-1.45161616752607	41	5
BIOCARTA_EFP_PATHWAY	0.0502008032128514	0.414061974860523	0.367046723010684	1.57755040899834	24	12
BIOCARTA_ERAD_PATHWAY	0.788118811881188	0.908921471172962	-0.166279219544509	-0.737413581664173	397	13
BIOCARTA_BTG2_PATHWAY	0.32495164410058	0.76649016790347	0.289243169035915	1.09344358043436	167	9
BIOCARTA_TERT_PATHWAY	0.994152046783626	0.995753715498938	0.162738066778229	0.456826211458037	509	5
BIOCARTA_CTBP1_PATHWAY	0.299435028248588	0.76649016790347	0.307209469153515	1.10545539064765	158	8
BIOCARTA_PRION_PATHWAY	0.85360824742268	0.948453608247423	-0.180957442097338	-0.676376768096009	413	9
BIOCARTA_PRC2_PATHWAY	0.390396659707724	0.770609613708497	-0.25813137755102	-1.01060804002514	186	10
BIOCARTA_RANBP2_PATHWAY	0.933734939759036	0.983309759547383	0.137630893531069	0.591531428478181	464	12
BIOCARTA_IRES_PATHWAY	0.811623246492986	0.920397496022974	-0.236478588885347	-0.733406521851338	404	6
BIOCARTA_PLC_PATHWAY	0.343949044585987	0.76649016790347	-0.307069982464531	-1.07165199563686	161	8
BIOCARTA_CDC25_PATHWAY	0.027027027027027	0.396396396396396	0.512678044837127	1.70539239925834	13	7
BIOCARTA_DSP_PATHWAY	0.992467043314501	0.995753715498938	0.137753068707158	0.49568743046943	526	8
BIOCARTA_MELANOCYTE_PATHWAY	0.0475206611570248	0.414061974860523	-0.48669573830967	-1.60191124635946	22	7
BIOCARTA_S1P_PATHWAY	0.111332007952286	0.499857994887816	0.443018807778132	1.37111948158595	55	6
BIOCARTA_HBX_PATHWAY	0.895752895752896	0.966008024831554	0.198556285509342	0.660485432412415	463	7
BIOCARTA_MALATEX_PATHWAY	0.0112994350282486	0.310734463276836	0.534253945480631	1.92244694030318	5	8
BIOCARTA_TSP1_PATHWAY	0.351888667992048	0.76649016790347	0.34855488258421	1.07875869268389	176	6
BIOCARTA_NPP1_PATHWAY	0.350877192982456	0.76649016790347	0.38167184636226	1.07140085319725	179	5
BIOCARTA_CPSF_PATHWAY	0.781312127236581	0.908921471172962	0.245616831367549	0.760170937623294	392	6
BIOCARTA_HES_PATHWAY	0.346228239845261	0.76649016790347	0.285691510561977	1.0800170294421	178	9
BIOCARTA_TERC_PATHWAY	0.51503006012024	0.830357142857143	-0.304059079800234	-0.942998320502181	256	6
BIOCARTA_REELIN_PATHWAY	0.993865030674847	0.995753715498938	-0.172587457167902	-0.486146636095248	485	5
BIOCARTA_SAM68_PATHWAY	0.972166998011928	0.995753715498938	0.18071937094889	0.559316773594124	488	6
BIOCARTA_FBW7_PATHWAY	0.412429378531073	0.770609613708497	0.279611031404432	1.00614581575973	218	8
BIOCARTA_SUMO_PATHWAY	0.697813121272366	0.903855607837629	0.266231006269259	0.823970704830267	350	6
BIOCARTA_IFNA_PATHWAY	0.00206611570247934	0.0932203389830508	-0.74894397067028	-2.46507555968463	0	7
BIOCARTA_PKC_PATHWAY	0.411157024793388	0.770609613708497	-0.306812100786756	-1.00984191165602	198	7
BIOCARTA_PPARG_PATHWAY	0.783231083844581	0.908921471172962	-0.267861981034345	-0.7545171772881	382	5
BIOCARTA_ION_PATHWAY	0.711500974658869	0.903855607837629	0.294652960395251	0.827127901031847	364	5
BIOCARTA_PELP1_PATHWAY	0.826175869120654	0.923759302153664	-0.259717905809228	-0.731576838286838	403	5
BIOCARTA_STAT3_PATHWAY	0.154989384288747	0.580023660638837	-0.378606727243743	-1.32131005302404	72	8
BIOCARTA_EEA1_PATHWAY	0.526315789473684	0.830357142857143	0.338704279225436	0.950785490736089	269	5
BIOCARTA_CIRCADIAN_PATHWAY	0.737574552683897	0.908921471172962	0.256641164594623	0.794290658487848	370	6
BIOCARTA_RECK_PATHWAY	0.77992277992278	0.908921471172962	0.228170649785378	0.758995817738678	403	7
BIOCARTA_NOTCH_PATHWAY	0.170340681362725	0.585546092184369	-0.421102964615875	-1.30599417932907	84	6
BIOCARTA_MRP_PATHWAY	0.394683026584867	0.770609613708497	-0.365128695513587	-1.02849934739516	192	5
BIOCARTA_IFNG_PATHWAY	0.0470347648261759	0.414061974860523	-0.548744919913937	-1.54571196115943	22	5
